0.010000000000000 
0.010000000000000 
0.010000000000000 
0.010000000000000 
0.010000000000000 
0.010000000000000 
0.010000000000000 
0.010000000000000 
0.010000000000000 
0.010000000000000 
0.010000000000000 
0.010000000000000 
0.010000000000000 
0.010000000000000 
0.010000000000000 
0.010000000000000 
0.010000000000000 
0.010000000000000 
0.010000000000000 
0.010000000000000 
0.010000000000000 
0.010000000000000 
0.010000000000000 
0.010000000000000 
0.010000000000000 
0.010000000000000 
0.010000000000000 
0.010000000000000 
0.010000000000000 
0.010000000000000 
0.010000000000000 
0.010000000000000 
0.010000000000000 
0.010000000000000 
0.010000000000000 
0.010000000000000 
0.010000000000000 
0.010000000000000 
0.010000000000000 
0.010000000000000 
0.010000000000000 
0.010000000000000 
0.010000000000000 
0.010000000000000 
0.010000000000000 
0.010000000000000 
0.010000000000000 
0.010000000000000 
0.010000000000000 
0.010000000000000 
0.010000000000000 
0.010000000000000 
0.010000000000000 
0.010000000000000 
0.010000000000000 
0.010000000000000 
0.010000000000000 
0.010000000000000 
