1000.00000 500.00000 1057.14286 557.14286
1057.14286 557.14286 1114.28571 614.28571
1114.28571 614.28571 1171.42857 671.42857
1171.42857 671.42857 1228.57143 728.57143
1228.57143 728.57143 1285.71429 785.71429
1285.71429 785.71429 1342.85714 842.85714
1342.85714 842.85714 1400.00000 900.00000
1400.00000 900.00000 1457.14286 957.14286
1457.14286 957.14286 1514.28571 1014.28571
1514.28571 1014.28571 1571.42857 1071.42857
1571.42857 1071.42857 1628.57143 1128.57143
1628.57143 1128.57143 1685.71429 1185.71429
1685.71429 1185.71429 1742.85714 1242.85714
1742.85714 1242.85714 1800.00000 1300.00000
1800.00000 1300.00000 1857.14286 1357.14286
1857.14286 1357.14286 1914.28571 1414.28571
1914.28571 1414.28571 1971.42857 1471.42857
1971.42857 1471.42857 2028.57143 1528.57143
2028.57143 1528.57143 2085.71429 1585.71429
2085.71429 1585.71429 2142.85714 1642.85714
2142.85714 1642.85714 2200.00000 1700.00000
2200.00000 1700.00000 2257.14286 1757.14286
2257.14286 1757.14286 2314.28571 1814.28571
2314.28571 1814.28571 2371.42857 1871.42857
2371.42857 1871.42857 2428.57143 1928.57143
2428.57143 1928.57143 2485.71429 1985.71429
2485.71429 1985.71429 2542.85714 2042.85714
2542.85714 2042.85714 2600.00000 2100.00000
2600.00000 2100.00000 2657.14286 2157.14286
2657.14286 2157.14286 2714.28571 2214.28571
2714.28571 2214.28571 2771.42857 2271.42857
2771.42857 2271.42857 2828.57143 2328.57143
2828.57143 2328.57143 2885.71429 2385.71429
2885.71429 2385.71429 2942.85714 2442.85714
2942.85714 2442.85714 3000.00000 2500.00000
1000.00000 2000.00000 1043.47826 1934.78261
1043.47826 1934.78261 1086.95652 1869.56522
1086.95652 1869.56522 1130.43478 1804.34783
1130.43478 1804.34783 1173.91304 1739.13043
1173.91304 1739.13043 1217.39130 1673.91304
1217.39130 1673.91304 1260.86957 1608.69565
1260.86957 1608.69565 1304.34783 1543.47826
1304.34783 1543.47826 1347.82609 1478.26087
1347.82609 1478.26087 1391.30435 1413.04348
1391.30435 1413.04348 1434.78261 1347.82609
1434.78261 1347.82609 1478.26087 1282.60870
1478.26087 1282.60870 1521.73913 1217.39130
1521.73913 1217.39130 1565.21739 1152.17391
1565.21739 1152.17391 1571.42857 1071.42857
1571.42857 1071.42857 1652.17391 1021.73913
1652.17391 1021.73913 1695.65217 956.52174
1695.65217 956.52174 1739.13043 891.30435
1739.13043 891.30435 1782.60870 826.08696
1782.60870 826.08696 1826.08696 760.86957
1826.08696 760.86957 1869.56522 695.65217
1869.56522 695.65217 1913.04348 630.43478
1913.04348 630.43478 1956.52174 565.21739
1956.52174 565.21739 2000.00000 500.00000
