0	1.502559	0.7
0.471809	1.514404	0.7
1.471809	1.522552	0.7
2.471809	1.5836	0.7
3.471809	1.55921	0.7
4.471809	1.46637	0.7
5.471809	1.520012	0.7
6.471809	1.519792	0.7
7.471809	1.47633	0.7
8.471809	1.496397	0.7
9.471809	1.492528	0.7
10.471809	1.500086	0.7
11.471809	1.507539	0.7
12.471809	1.482242	0.7
13.471809	1.449186	0.7
14.471809	1.526531	0.7
15.471809	1.470836	0.7
16.471809	1.539177	0.7
17.471809	1.518893	0.7
18.471809	1.508909	0.7
19.471809	1.526666	0.7
20.471809	1.519	0.7
21.471809	1.533571	0.7
22.471809	1.502643	0.7
23.471809	1.453846	0.7
24.471809	1.549559	0.7
25.471809	1.513396	0.7
26.471809	1.550214	0.7
27.471809	1.536553	0.7
28.471809	1.542265	0.7
29.471809	1.472464	0.7
30.471809	1.509664	0.7
31.471809	1.492034	0.7
32.471809	1.519668	0.7
33.471809	1.560811	0.7
34.471809	1.533708	0.7
35.471809	1.501536	0.7
36.471809	1.485148	0.7
37.471809	1.480295	0.7
38.471809	1.498704	0.7
39.471809	1.567294	0.7
40.471809	1.518097	0.7
41.471809	1.544821	0.7
42.471809	1.525771	0.7
43.471809	1.505615	0.7
44.471809	1.541619	0.7
45.471809	1.543477	0.7
46.471809	1.578141	0.7
47.471809	1.526325	0.7
48.471809	1.548144	0.7
49.471809	1.520448	0.7
50.471809	1.472971	0.7
51.471809	1.561736	0.7
52.471809	1.490984	0.7
53.471809	1.529633	0.7
54.471809	1.461643	0.7
55.471809	1.558102	0.7
56.471809	2.733478	0.7
57.471809	2.771086	0.7
58.471809	2.676033	0.7
59.471809	2.672697	0.7
60.471809	2.703818	0.7
61.471809	2.753099	0.7
62.471809	2.783812	0.7
63.471809	2.697709	0.7
64.471809	2.727386	0.7
65.471809	2.713766	0.7
66.471809	2.726995	0.7
67.471809	2.792017	0.7
68.471809	2.688673	0.7
69.471809	2.708674	0.7
70.471809	2.670144	0.7
71.471809	2.715715	0.7
72.471809	2.737112	0.7
73.471809	2.662658	0.7
74.471809	2.658418	0.7
75.471809	2.751233	0.7
76.471809	2.685139	0.7
77.471809	2.768316	0.7
78.471809	2.778095	0.7
79.471809	2.730695	0.7
80.471809	2.798924	0.7
81.471809	2.783655	0.7
82.471809	2.81337	0.7
83.471809	2.628031	0.7
84.471809	2.769494	0.7
85.471809	2.722603	0.7
86.471809	2.831718	0.7
87.471809	2.756089	0.7
88.471809	2.849952	0.7
89.471809	2.6105	0.7
90.471809	2.716073	0.7
91.471809	2.737938	0.7
92.471809	2.713721	0.7
93.471809	2.747556	0.7
94.471809	2.79405	0.7
95.471809	2.674878	0.7
96.471809	2.631518	0.7
97.471809	2.851304	0.7
98.471809	2.703169	0.7
99.471809	2.702464	0.7
100.471809	2.635763	0.7
101.471809	2.590422	0.7
102.471809	2.769764	0.7
103.471809	2.6676	0.7
104.471809	2.575569	0.7
105.471809	2.690056	0.7
106.471809	2.596754	0.7
107.471809	2.692123	0.7
108.471809	2.649472	0.7
109.471809	2.843162	0.7
110.471809	2.716514	0.7
111.471809	2.607896	0.7
112.471809	2.741589	0.7
113.471809	2.696673	0.7
114.471809	2.838643	0.7
115.471809	2.679439	0.7
116.471809	2.795516	0.7
117.471809	2.689561	0.7
118.471809	2.775799	0.7
119.471809	2.680607	0.7
120.471809	2.627354	0.7
121.471809	2.721967	0.7
122.471809	2.696755	0.7
123.471809	2.608284	0.7
124.471809	2.731838	0.7
125.471809	2.739541	0.7
126.471809	2.819053	0.7
127.471809	2.710822	0.7
128.471809	2.844337	0.7
129.471809	2.780911	0.7
130.471809	2.68283	0.7
131.471809	2.573847	0.7
132.471809	2.836291	0.7
133.471809	2.69858	0.7
134.471809	2.732224	0.7
135.471809	2.645702	0.7
136.471809	2.785736	0.7
137.471809	2.772954	0.7
138.471809	2.706884	0.7
139.471809	2.574658	0.7
140.471809	2.694379	0.7
141.471809	2.797534	0.7
142.471809	2.612583	0.7
143.471809	2.787062	0.7
144.471809	2.690823	0.86
145.471809	2.756275	1.01
146.471809	2.989203	1.11
147.471809	3.044941	1.24
148.471809	3.574481	1.36
149.471809	3.570198	1.44
150.471809	3.605727	1.55
151.471809	3.699429	1.67
152.471809	3.795226	1.75
153.471809	3.821852	1.87
154.471809	3.676165	1.94
155.471809	3.769021	2.04
156.471809	3.717901	2.09
157.471809	3.958233	2.1
158.471809	3.953637	2.07
159.471809	3.81884	2
160.471809	3.720969	2
161.471809	3.802202	2
162.471809	3.588131	2
163.471809	3.709961	2
164.471809	3.884375	2
165.471809	3.850484	2
166.471809	3.834958	2
167.471809	3.88274	2.07
168.471809	4.040118	2.3
169.471809	3.85453	2.41
170.471809	4.327813	2.54
171.471809	4.446301	2.65
172.471809	4.456641	2.73
173.471809	4.664346	2.84
174.471809	4.706112	2.95
175.471809	4.822414	3
176.471809	4.772345	3.06
177.471809	4.672804	3.06
178.471809	4.677824	3.04
179.471809	4.75727	3
180.471809	4.734234	3
181.471809	4.41942	3
182.471809	4.405971	3
183.471809	4.462036	2.99
184.471809	4.816084	3.2
185.471809	4.658068	3.42
186.471809	4.776015	3.58
187.471809	4.952489	3.66
188.471809	5.341769	3.77
189.471809	5.664636	3.88
190.471809	5.752945	3.95
191.471809	5.588263	4
192.471809	5.72278	4.05
193.471809	5.640361	4
194.471809	5.657347	4
195.471809	5.446189	4
196.471809	5.673807	4
197.471809	5.630781	4
198.471809	5.457029	4
199.471809	5.532575	4
200.471809	5.694679	4.29
201.471809	6.04432	4.51
202.471809	6.247423	4.61
203.471809	6.510861	4.72
204.471809	6.798247	4.83
205.471809	6.625406	4.91
206.471809	6.813117	5
207.471809	6.665239	5.04
208.471809	7.016345	5
209.471809	6.77106	5
210.471809	6.842623	5.03
211.471809	6.794083	5.28
212.471809	7.239485	5.51
213.471809	7.629724	5.66
214.471809	7.598473	5.73
215.471809	7.779995	5.84
216.471809	8.155316	5.94
217.471809	8.091698	6
218.471809	8.146656	6.04
219.471809	8.173556	6
220.471809	8.114905	6
221.471809	8.133316	6
222.471809	8.113244	6
223.471809	8.115962	6
224.471809	8.14273	6
225.471809	8.244506	6
226.471809	8.038809	6
227.471809	8.020954	6
228.471809	8.041372	6
229.471809	8.103458	6
230.471809	8.128413	6
231.471809	8.333647	6
232.471809	8.163085	6.08
233.471809	8.429045	6.43
234.471809	8.755192	6.62
235.471809	9.019312	6.71
236.471809	8.962028	6.81
237.471809	9.084082	6.92
238.471809	9.074378	7
239.471809	9.161552	7
240.471809	9.071814	7
241.471809	9.248384	7
242.471809	9.255963	7
243.471809	9.140027	7
244.471809	9.096558	6.99
245.471809	9.45628	7.39
246.471809	9.711146	7.61
247.471809	9.788663	7.71
248.471809	9.849604	7.81
249.471809	9.914279	7.91
250.471809	9.764087	7.96
251.471809	9.753876	8
252.471809	9.870707	8
253.471809	9.840288	8
254.471809	9.872891	8.29
255.471809	10.256167	8.49
256.471809	10.574572	8.68
257.471809	10.765293	8.79
258.471809	10.628605	8.86
259.471809	10.824268	8.95
260.471809	10.90256	9
261.471809	10.667265	9
262.471809	10.670556	9
263.471809	10.816384	9
264.471809	10.672657	9
265.471809	10.786662	9
266.471809	10.698937	9
267.471809	10.738055	9
268.471809	11.080104	9.26
269.471809	11.231822	9.56
270.471809	11.491328	9.69
271.471809	11.693644	9.8
272.471809	11.693305	9.9
273.471809	11.716825	9.95
274.471809	11.810382	10
275.471809	11.760458	10
276.471809	11.694019	10
277.471809	11.676145	10
278.471809	11.602711	10
279.471809	11.728965	10
280.471809	11.884691	10.2
281.471809	12.284959	10.54
282.471809	12.566545	10.68
283.471809	12.519721	10.8
284.471809	12.749269	10.9
285.471809	12.673335	10.95
286.471809	12.603674	11
287.471809	12.643278	11
288.471809	12.631261	11
289.471809	12.616628	11
290.471809	12.609581	11
291.471809	12.596726	11
292.471809	12.503742	11
293.471809	12.620415	11
294.471809	12.555815	11
295.471809	12.603332	11
296.471809	12.52861	11
297.471809	12.553029	11
298.471809	12.65168	11
299.471809	12.597158	11
300.471809	12.654813	11
301.471809	12.728476	11.39
302.471809	12.991317	11.66
303.471809	13.571279	11.76
304.471809	13.579166	11.86
305.471809	13.64385	11.94
306.471809	13.574772	12
307.471809	13.728154	12
308.471809	13.463128	12
309.471809	13.759989	12
310.471809	13.669377	12.33
311.471809	14.225429	12.62
312.471809	14.399688	12.74
313.471809	14.703755	12.84
314.471809	14.763594	12.93
315.471809	14.56943	13
316.471809	14.766543	13
317.471809	14.658846	13
318.471809	14.715367	13
319.471809	15.137437	13.47
320.471809	15.374594	13.71
321.471809	15.717479	13.8
322.471809	15.772334	13.89
323.471809	15.787277	14
324.471809	15.848286	14
325.471809	15.771384	14
326.471809	15.91347	14
327.471809	15.992485	14.21
328.471809	16.31127	14.58
329.471809	16.73945	14.77
330.471809	16.695052	14.84
331.471809	16.681175	14.93
332.471809	16.676261	15
333.471809	16.681158	15
334.471809	16.8189	15
335.471809	16.867832	15.37
336.471809	17.492107	15.58
337.471809	17.732308	15.76
338.471809	17.895266	15.86
339.471809	17.807775	15.91
340.471809	17.724439	16
341.471809	17.934257	16
342.471809	17.87147	16.04
343.471809	18.091876	16.5
344.471809	18.408015	16.67
345.471809	18.425745	16.82
346.471809	18.610591	16.91
347.471809	18.681555	16.96
348.471809	18.804377	17
349.471809	18.786401	17
350.471809	18.829867	17
351.471809	18.846868	17.2
352.471809	19.123581	17.57
353.471809	19.449401	17.71
354.471809	19.780278	17.83
355.471809	19.815227	17.92
356.471809	19.841824	18
357.471809	19.65895	18
358.471809	19.790104	18
359.471809	19.883967	18
360.471809	19.909844	18
361.471809	19.786445	18
362.471809	19.930526	18
363.471809	19.792265	18
364.471809	19.824245	18
365.471809	19.756116	18
366.471809	19.797279	18
367.471809	19.815481	18
368.471809	19.823066	18
369.471809	19.835448	18
370.471809	19.76995	18
371.471809	19.812038	18
372.471809	19.778781	18
373.471809	19.827945	18
374.471809	19.726545	18
375.471809	19.694717	18
376.471809	19.795727	18
377.471809	19.848971	18
378.471809	20.214895	18.43
379.471809	20.537188	18.7
380.471809	20.474788	18.8
381.471809	20.910666	18.89
382.471809	20.791633	18.96
383.471809	20.753472	19
384.471809	21.080022	19
385.471809	21.109997	19.29
386.471809	21.336264	19.54
387.471809	21.667949	19.76
388.471809	21.812761	19.88
389.471809	21.921997	19.93
390.471809	22.003445	20
391.471809	21.872918	20
392.471809	21.870722	20
393.471809	21.958301	20
394.471809	22.12065	20
395.471809	21.87247	20
396.471809	21.882197	20
397.471809	21.950407	20
398.471809	21.898226	20
399.471809	22.043091	20
400.471809	21.775512	20
401.471809	21.88289	20
402.471809	21.903249	20
403.471809	21.846787	20
404.471809	21.931193	20
405.471809	21.999817	20
406.471809	21.867153	20
407.471809	21.837314	20
408.471809	22.077797	20
409.471809	21.845131	20
410.471809	21.888967	20
411.471809	21.89294	20
412.471809	21.898634	20
413.471809	21.923941	20
414.471809	21.93864	20
415.471809	21.898506	20
416.471809	21.869574	20
417.471809	21.810906	20
418.471809	21.87682	20
419.471809	21.900801	20
420.471809	21.91967	20
421.471809	21.708209	20
422.471809	21.795057	20
423.471809	21.758958	20
424.471809	21.783148	20
425.471809	21.822523	20
426.471809	21.893401	20
427.471809	21.929571	20
428.471809	22.000714	20
429.471809	22.006475	20
430.471809	21.908	20
431.471809	21.967526	20
432.471809	21.902348	20
433.471809	21.88142	20
434.471809	22.113924	20
435.471809	21.713122	20
436.471809	21.813849	20
437.471809	21.72025	20
438.471809	21.928917	20
439.471809	21.860059	20
440.471809	21.72777	20
441.471809	21.718182	20
442.471809	21.768239	20
443.471809	21.751441	20
444.471809	21.789958	20
445.471809	21.756961	20
446.471809	21.84306	20
447.471809	21.947698	20
448.471809	21.633935	20
449.471809	21.893138	20
450.471809	21.814049	20
451.471809	21.771349	20
452.471809	21.726047	20
453.471809	21.825133	20
454.471809	21.827568	20
455.471809	21.726126	20
456.471809	21.636995	20
457.471809	21.693476	20
458.471809	21.78083	20
459.471809	21.726336	20
460.471809	22.036934	20
461.471809	21.875151	20
462.471809	21.630866	20
463.471809	21.842599	20
464.471809	21.8142	20
465.471809	21.730934	20
466.471809	21.915765	20
467.471809	21.573494	20
468.471809	21.759441	20
469.471809	21.735262	20
470.471809	21.671245	20
471.471809	21.755603	20
472.471809	21.731619	20
473.471809	21.807467	20
474.471809	21.706248	20
475.471809	21.843763	20
476.471809	21.84248	20
477.471809	21.759617	20
478.471809	21.680103	20
479.471809	21.644218	20
480.471809	21.748859	20
481.471809	21.942566	20
482.471809	21.820576	20
483.471809	21.865543	20
484.471809	21.773085	20
485.471809	21.835765	20
486.471809	21.790658	20
487.471809	21.825231	20
488.471809	22.02977	20
489.471809	21.95514	20
490.471809	21.963472	20
491.471809	21.934294	20
492.471809	21.962537	20
493.471809	21.956944	20
494.471809	21.917698	20
495.471809	21.946433	20
496.471809	21.969647	20
497.471809	21.959273	20
498.471809	21.948738	20
499.471809	21.927862	20
500.471809	21.980456	20
501.471809	22.035542	20
502.471809	21.933899	20
503.471809	21.939317	20
504.471809	22.040411	20
505.471809	22.06011	20
506.471809	22.117831	20
507.471809	22.260234	20
508.471809	22.26661	20
509.471809	22.32649	20
510.471809	22.430262	20
511.471809	22.446132	20
512.471809	22.499894	20
513.471809	22.562032	20
514.471809	22.616762	20
515.471809	22.672059	20
516.471809	22.725567	20
517.471809	22.81688	20
518.471809	22.853911	20
519.471809	22.908584	20
520.471809	22.984454	20
521.471809	23.050695	20
522.471809	23.119376	20
523.471809	23.144456	20
524.471809	23.210529	20
525.471809	23.273388	20
526.471809	23.391464	20
527.471809	23.389135	20
528.471809	23.422507	20
529.471809	23.501664	20
530.471809	23.552056	20
531.471809	23.633404	20
532.471809	23.677631	20
533.471809	23.734089	20
534.471809	23.786479	20
535.471809	23.86769	20
536.471809	23.911505	20
537.471809	23.956096	20
538.471809	24.039921	20
539.471809	24.062473	20
540.471809	24.161409	20
541.471809	24.181091	20
542.471809	24.292564	20
543.471809	24.333633	20
544.471809	24.410988	20
545.471809	24.513594	20
546.471809	24.512778	20
547.471809	24.539722	20
548.471809	24.669997	20
549.471809	24.735234	20
550.471809	24.750311	20
551.471809	24.803476	20
552.471809	24.936828	20
553.471809	24.935614	20
554.471809	24.9933	20
555.471809	25.064784	20
556.471809	25.106595	20
557.471809	25.16846	20
558.471809	25.251329	20
559.471809	25.292877	20
560.471809	25.392391	20
561.471809	25.395943	20
562.471809	25.474779	20
563.471809	25.561242	20
564.471809	25.576992	20
565.471809	25.654056	20
566.471809	25.737995	20
567.471809	25.804132	20
568.471809	25.774639	20
569.471809	25.882098	20
570.471809	25.928803	20
571.471809	25.968604	20
572.471809	26.059804	20
573.471809	26.095889	20
574.471809	26.165236	20
575.471809	26.197189	20
576.471809	26.28569	20
577.471809	26.323711	20
578.471809	26.384433	20
579.471809	26.432782	20
580.471809	26.499059	20
581.471809	26.531592	20
582.471809	26.636209	20
583.471809	26.674628	20
584.471809	26.732335	20
585.471809	26.800798	20
586.471809	26.854279	20
587.471809	26.928508	20
588.471809	27.012815	20
589.471809	27.071549	20
590.471809	27.040387	20
591.471809	27.154528	20
592.471809	27.22315	20
593.471809	27.268519	20
594.471809	27.341686	20
595.471809	27.382026	20
596.471809	27.491429	20
597.471809	27.514505	20
598.471809	27.551394	20
599.471809	27.680718	20
600.471809	27.698589	20
601.471809	27.752717	20
602.471809	27.807741	20
603.471809	27.879534	20
604.471809	27.945783	20
605.471809	27.985129	20
606.471809	28.066171	20
607.471809	28.102158	20
608.471809	28.186358	20
609.471809	28.268382	20
610.471809	28.282892	20
611.471809	28.360876	20
612.471809	28.431452	20
613.471809	28.485752	20
614.471809	28.525896	20
615.471809	28.601867	20
616.471809	28.648791	20
617.471809	28.723072	20
618.471809	28.813967	20
619.471809	28.879655	20
620.471809	28.898244	20
621.471809	28.949599	20
622.471809	29.035994	20
623.471809	29.094733	20
624.471809	29.151157	20
625.471809	29.192401	20
626.471809	29.265697	20
627.471809	29.348298	20
628.471809	29.394341	20
629.471809	29.471317	20
630.471809	29.485201	20
631.471809	29.563133	20
632.471809	29.647545	20
633.471809	29.706825	20
634.471809	29.746045	20
635.471809	29.806062	20
636.471809	29.858617	20
637.471809	29.933654	20
638.471809	29.964879	20
639.471809	30.022475	20
640.471809	30.077877	20
641.471809	30.151675	20
642.471809	30.242045	20
643.471809	30.303898	20
644.471809	30.336042	20
645.471809	30.40474	20
646.471809	30.451533	20
647.471809	30.571348	20
648.471809	30.606426	20
649.471809	30.670645	20
650.471809	30.702179	20
651.471809	30.767518	20
652.471809	30.800888	20
653.471809	30.860046	20
654.471809	30.912846	20
655.471809	30.946884	20
656.471809	31.014302	20
657.471809	31.126267	20
658.471809	31.190497	20
659.471809	31.195663	20
660.471809	31.291007	20
661.471809	31.352069	20
662.471809	31.395179	20
663.471809	31.478442	20
664.471809	31.592708	20
665.471809	31.633441	20
666.471809	31.627501	20
667.471809	31.738541	20
668.471809	31.769943	20
669.471809	31.857551	20
670.471809	31.873504	20
671.471809	31.953775	20
672.471809	32.052183	20
673.471809	32.140784	20
674.471809	32.127978	20
675.471809	32.224267	20
676.471809	32.309418	20
677.471809	32.324074	20
678.471809	32.403941	20
679.471809	32.441341	20
680.471809	32.45332	20
681.471809	32.609455	20
682.471809	32.681847	20
683.471809	32.664252	20
684.471809	32.732919	20
685.471809	32.797869	20
686.471809	32.932667	20
687.471809	32.939034	20
688.471809	33.011383	20
689.471809	33.09187	20
690.471809	33.122547	20
691.471809	33.185643	20
692.471809	33.259997	20
693.471809	33.358541	20
694.471809	33.371266	20
695.471809	33.402524	20
696.471809	33.490176	20
697.471809	33.552627	20
698.471809	33.672997	20
699.471809	33.619758	20
700.471809	33.671495	20
701.471809	33.772582	20
702.471809	33.886071	20
703.471809	33.929728	20
704.471809	33.900813	20
705.471809	33.973098	20
706.471809	34.068261	20
707.471809	34.185571	20
708.471809	34.221557	20
709.471809	34.283228	20
710.471809	34.315702	20
711.471809	34.372613	20
712.471809	34.367269	20
713.471809	34.52117	20
714.471809	34.5101	20
715.471809	34.612281	20
716.471809	34.631195	20
717.471809	34.738723	20
718.471809	34.772542	20
719.471809	34.865898	20
720.471809	34.924435	20
721.471809	35.003932	20
722.471809	35.05315	20
723.471809	35.060096	20
724.471809	35.166879	20
725.471809	35.238332	20
726.471809	35.320688	20
727.471809	35.402812	20
728.471809	35.485554	20
729.471809	35.47313	20
730.471809	35.528933	20
731.471809	35.588725	20
732.471809	35.658511	20
733.471809	35.712379	20
734.471809	35.768938	20
735.471809	35.829066	20
736.471809	35.917995	20
737.471809	35.944582	20
738.471809	36.000614	20
739.471809	36.081485	20
740.471809	36.138447	20
741.471809	36.220272	20
742.471809	36.302696	20
743.471809	36.409697	20
744.471809	36.427316	20
745.471809	36.471581	20
746.471809	36.549536	20
747.471809	36.640331	20
748.471809	36.680519	20
749.471809	36.724072	20
750.471809	36.730716	20
751.471809	36.790534	20
752.471809	36.935937	20
753.471809	37.014756	20
754.471809	37.042685	20
755.471809	37.125936	20
756.471809	37.164698	20
757.471809	37.180634	20
758.471809	37.305346	20
759.471809	37.371032	20
760.471809	37.40842	20
761.471809	37.480444	20
762.471809	37.551266	20
763.471809	37.591743	20
764.471809	37.678595	20
765.471809	37.743798	20
766.471809	37.825584	20
767.471809	37.879947	20
768.471809	37.888747	20
769.471809	37.983137	20
770.471809	38.044875	20
771.471809	38.103202	20
772.471809	38.104062	20
773.471809	38.204922	20
774.471809	38.279361	20
775.471809	38.364287	20
776.471809	38.3848	20
777.471809	38.467765	20
778.471809	38.46457	20
779.471809	38.552198	20
780.471809	38.626044	20
781.471809	38.67723	20
782.471809	38.824672	20
783.471809	38.893047	20
784.471809	38.925312	20
785.471809	38.962872	20
786.471809	39.015567	20
787.471809	39.052561	20
788.471809	39.072791	20
789.471809	39.222495	20
790.471809	39.237246	20
791.471809	39.321028	20
792.471809	39.324971	20
793.471809	39.470042	20
794.471809	39.541629	20
795.471809	39.568032	20
796.471809	39.614038	20
797.471809	39.689265	20
798.471809	39.763831	20
799.471809	39.876684	20
800.471809	39.899252	20
801.471809	39.953219	20
802.471809	39.955284	20
803.471809	40.050158	20
804.471809	40.112706	20
805.471809	40.247514	20
806.471809	40.237988	20
807.471809	40.305546	20
808.471809	40.363535	20
809.471809	40.438547	20
810.471809	40.528993	20
811.471809	40.55549	20
812.471809	40.573586	20
813.471809	40.649788	20
814.471809	40.720503	20
815.471809	40.808097	20
816.471809	40.857076	20
817.471809	40.901916	20
818.471809	41.021828	20
819.471809	41.105344	20
820.471809	41.006691	20
821.471809	41.151911	20
822.471809	41.149001	20
823.471809	41.313489	20
824.471809	41.373431	20
825.471809	41.35571	20
826.471809	41.44241	20
827.471809	41.487305	20
828.471809	41.591008	20
829.471809	41.628436	20
830.471809	41.722579	20
831.471809	41.742496	20
832.471809	41.808835	20
833.471809	41.887305	20
834.471809	41.933562	20
835.471809	42.011218	20
836.471809	42.08662	20
837.471809	42.115855	20
838.471809	42.208918	20
839.471809	42.213349	20
840.471809	42.318527	20
841.471809	42.371547	20
842.471809	42.449545	20
843.471809	42.541561	20
844.471809	42.569678	20
845.471809	42.59202	20
846.471809	42.658856	20
847.471809	42.710175	20
848.471809	42.800307	20
849.471809	42.881046	20
850.471809	42.992007	20
851.471809	43.030983	20
852.471809	43.051075	20
853.471809	43.134358	20
854.471809	43.177826	20
855.471809	43.287361	20
856.471809	43.29168	20
857.471809	43.345383	20
858.471809	43.399895	20
859.471809	43.510382	20
860.471809	43.640375	20
861.471809	43.633926	20
862.471809	43.641383	20
863.471809	43.780629	20
864.471809	43.837609	20
865.471809	43.931932	20
866.471809	43.976372	20
867.471809	43.986044	20
868.471809	44.137535	20
869.471809	44.124561	20
870.471809	44.175164	20
871.471809	44.278186	20
872.471809	44.393154	20
873.471809	44.366332	20
874.471809	44.388	20
875.471809	44.486431	20
876.471809	44.560085	20
877.471809	44.577238	20
878.471809	44.602266	20
879.471809	44.786129	20
880.471809	44.770991	20
881.471809	44.823291	20
882.471809	45.001537	20
883.471809	44.955212	20
884.471809	45.025726	20
885.471809	45.105596	20
886.471809	45.170425	20
887.471809	45.183663	20
888.471809	45.282571	20
889.471809	45.401789	20
890.471809	45.420874	20
891.471809	45.433575	20
892.471809	45.534634	20
893.471809	45.601654	20
894.471809	45.598627	20
895.471809	45.718301	20
896.471809	45.77291	20
897.471809	45.804133	20
898.471809	45.846899	20
899.471809	46.031673	20
900.471809	46.01902	20
901.471809	46.071792	20
902.471809	46.13782	20
903.471809	46.20046	20
904.471809	46.271436	20
905.471809	46.372773	20
906.471809	46.395361	20
907.471809	46.454621	20
908.471809	46.480675	20
909.471809	46.643677	20
910.471809	46.669543	20
911.471809	46.702426	20
912.471809	46.737162	20
913.471809	46.882579	20
914.471809	46.957615	20
915.471809	46.925773	20
916.471809	46.998449	20
917.471809	47.040178	20
918.471809	47.092867	20
919.471809	47.157464	20
920.471809	47.204357	20
921.471809	47.27479	20
922.471809	47.418246	20
923.471809	47.439908	20
924.471809	47.488331	20
925.471809	47.56383	20
926.471809	47.617912	20
927.471809	47.660646	20
928.471809	47.714052	20
929.471809	47.800497	20
930.471809	47.854407	20
931.471809	47.938895	20
932.471809	48.026256	20
933.471809	48.106283	20
934.471809	48.135585	20
935.471809	48.191073	20
936.471809	48.223932	20
937.471809	48.280907	20
938.471809	48.35205	20
939.471809	48.389764	20
940.471809	48.475182	20
941.471809	48.498061	20
942.471809	48.597256	20
943.471809	48.65181	20
944.471809	48.682373	20
945.471809	48.831258	20
946.471809	48.794102	20
947.471809	48.922812	20
948.471809	48.967398	20
949.471809	49.030109	20
950.471809	49.125955	20
951.471809	49.104666	20
952.471809	49.219641	20
953.471809	49.260976	20
954.471809	49.350367	20
955.471809	49.404238	20
956.471809	49.44921	20
957.471809	49.483868	20
958.471809	49.561767	20
959.471809	49.577564	20
960.471809	49.630876	20
961.471809	49.740123	20
962.471809	49.795822	20
963.471809	49.900249	20
964.471809	49.946147	20
965.471809	50.016772	20
966.471809	50.011195	20
967.471809	50.092458	20
968.471809	50.152379	20
969.471809	50.276981	20
970.471809	50.37154	20
971.471809	50.325544	20
972.471809	50.448011	20
973.471809	50.515596	20
974.471809	50.59188	20
975.471809	50.604552	20
976.471809	50.644773	20
977.471809	50.676657	20
978.471809	50.757881	20
979.471809	50.854655	20
980.471809	50.942247	20
981.471809	51.025435	20
982.471809	51.041944	20
983.471809	51.134209	20
984.471809	51.156854	20
985.471809	51.282773	20
986.471809	51.318625	20
987.471809	51.43279	20
988.471809	51.389136	20
989.471809	51.475425	20
990.471809	51.570584	20
991.471809	51.584447	20
992.471809	51.659099	20
993.471809	51.691009	20
994.471809	51.775276	20
995.471809	51.813529	20
996.471809	51.855732	20
997.471809	51.96112	20
998.471809	51.995776	20
999.471809	52.088908	20
1000.471809	52.152871	20
1001.471809	52.176594	20
1002.471809	52.291165	20
1003.471809	52.311428	20
1004.471809	52.356686	20
1005.471809	52.448786	20
1006.471809	52.564935	20
1007.471809	52.531546	20
1008.471809	52.695987	20
1009.471809	52.635146	20
1010.471809	52.711467	20
1011.471809	52.85215	20
1012.471809	52.899811	20
1013.471809	52.916454	20
1014.471809	52.978499	20
1015.471809	53.046561	20
1016.471809	53.059589	20
1017.471809	53.135148	20
1018.471809	53.230897	20
1019.471809	53.215001	20
1020.471809	53.311525	20
1021.471809	53.362433	20
1022.471809	53.544764	20
1023.471809	53.551709	20
1024.471809	53.569611	20
1025.471809	53.651119	20
1026.471809	53.661336	20
1027.471809	53.76291	20
1028.471809	53.785894	20
1029.471809	53.831151	20
1030.471809	53.89329	20
1031.471809	53.983197	20
1032.471809	53.994705	20
1033.471809	54.109851	20
1034.471809	54.117752	20
1035.471809	54.211238	20
1036.471809	54.25685	20
1037.471809	54.296368	20
1038.471809	54.369564	20
1039.471809	54.501736	20
1040.471809	54.56475	20
1041.471809	54.591706	20
1042.471809	54.677469	20
1043.471809	54.709756	20
1044.471809	54.72941	20
1045.471809	54.826491	20
1046.471809	54.888404	20
1047.471809	55.010541	20
1048.471809	55.002143	20
1049.471809	55.017556	20
1050.471809	55.117522	20
1051.471809	55.19197	20
1052.471809	55.251141	20
1053.471809	55.286676	20
1054.471809	55.367791	20
1055.471809	55.436042	20
1056.471809	55.451962	20
1057.471809	55.534049	20
1058.471809	55.61778	20
1059.471809	55.705328	20
1060.471809	55.755524	20
1061.471809	55.81583	20
1062.471809	55.843337	20
1063.471809	55.935068	20
1064.471809	55.971451	20
1065.471809	56.065703	20
1066.471809	56.093205	20
1067.471809	56.16185	20
1068.471809	56.200323	20
1069.471809	56.239092	20
1070.471809	56.335714	20
1071.471809	56.340217	20
1072.471809	56.448137	20
1073.471809	56.515464	20
1074.471809	56.566612	20
1075.471809	56.605422	20
1076.471809	56.691587	20
1077.471809	56.766577	20
1078.471809	56.803772	20
1079.471809	56.839323	20
1080.471809	56.914174	20
1081.471809	56.99519	20
1082.471809	57.065563	20
1083.471809	57.119226	20
1084.471809	57.124611	20
1085.471809	57.265047	20
1086.471809	57.31296	20
1087.471809	57.386379	20
1088.471809	57.43623	20
1089.471809	57.519539	20
1090.471809	57.510898	20
1091.471809	57.59607	20
1092.471809	57.629167	20
1093.471809	57.677311	20
1094.471809	57.722674	20
1095.471809	57.788745	20
1096.471809	57.868653	20
1097.471809	57.906627	20
1098.471809	57.993364	20
1099.471809	57.981532	20
1100.471809	58.084263	20
1101.471809	58.136549	20
1102.471809	58.185086	20
1103.471809	58.279467	20
1104.471809	58.331113	20
1105.471809	58.408226	20
1106.471809	58.411953	20
1107.471809	58.528518	20
1108.471809	58.573476	20
1109.471809	58.678809	20
1110.471809	58.735126	20
1111.471809	58.787353	20
1112.471809	58.796738	20
1113.471809	58.84839	20
1114.471809	58.981374	20
1115.471809	59.043789	20
1116.471809	59.083788	20
1117.471809	59.177734	20
1118.471809	59.136113	20
1119.471809	59.20537	20
1120.471809	59.259958	20
1121.471809	59.349989	20
1122.471809	59.398046	20
1123.471809	59.459835	20
1124.471809	59.514136	20
1125.471809	59.524817	20
1126.471809	59.640129	20
1127.471809	59.734459	20
1128.471809	59.743822	20
1129.471809	59.853905	20
1130.471809	59.943617	20
1131.471809	59.995741	20
1132.471809	60.044376	20
1133.471809	59.984312	20
1134.471809	60.107261	20
1135.471809	60.15485	20
1136.471809	60.151136	20
1137.471809	60.268141	20
1138.471809	60.316219	20
1139.471809	60.358828	20
1140.471809	60.419567	20
1141.471809	60.450719	20
1142.471809	60.507498	20
1143.471809	60.568798	20
1144.471809	60.609919	20
1145.471809	60.676528	20
1146.471809	60.766995	20
1147.471809	60.799952	20
1148.471809	60.860331	20
1149.471809	60.905647	20
1150.471809	60.979183	20
1151.471809	61.008251	20
1152.471809	61.045534	20
1153.471809	61.098512	20
1154.471809	61.179494	20
1155.471809	61.256083	20
1156.471809	61.36781	20
1157.471809	61.380287	20
1158.471809	61.418144	20
1159.471809	61.50915	20
1160.471809	61.55054	20
1161.471809	61.659628	20
1162.471809	61.735496	20
1163.471809	61.716389	20
1164.471809	61.746761	20
1165.471809	61.83046	20
1166.471809	61.898847	20
1167.471809	61.933513	20
1168.471809	61.967976	20
1169.471809	62.054016	20
1170.471809	62.104595	20
1171.471809	62.16653	20
1172.471809	62.270705	20
1173.471809	62.284658	20
1174.471809	62.326943	20
1175.471809	62.39441	20
1176.471809	62.445147	20
1177.471809	62.51678	20
1178.471809	62.557185	20
1179.471809	62.628775	20
1180.471809	62.714705	20
1181.471809	62.721649	20
1182.471809	62.816368	20
1183.471809	62.788734	20
1184.471809	62.919899	20
1185.471809	62.968944	20
1186.471809	63.000714	20
1187.471809	63.10639	20
1188.471809	63.141412	20
1189.471809	63.196699	20
1190.471809	63.231453	20
1191.471809	63.269347	20
1192.471809	63.378401	20
1193.471809	63.402941	20
1194.471809	63.49884	20
1195.471809	63.478462	20
1196.471809	63.538769	20
1197.471809	63.611974	20
1198.471809	63.645197	20
1199.471809	63.748218	20
1200.471809	63.79215	20
1201.471809	63.808215	20
1202.471809	63.873496	20
1203.471809	63.940867	20
1204.471809	64.032684	20
1205.471809	64.077154	20
1206.471809	64.112485	20
1207.471809	64.179025	20
1208.471809	64.223358	20
1209.471809	64.283131	20
1210.471809	64.329825	20
1211.471809	64.391856	20
1212.471809	64.456222	20
1213.471809	64.485511	20
1214.471809	64.488432	20
1215.471809	64.487124	20
1216.471809	64.49554	20
1217.471809	64.499842	20
1218.471809	64.59285	20
1219.471809	64.621414	20
1220.471809	64.769777	20
1221.471809	64.795021	20
1222.471809	64.811738	20
1223.471809	64.902046	20
1224.471809	65.010979	20
1225.471809	65.040277	20
1226.471809	65.109769	20
1227.471809	65.195196	20
1228.471809	65.219256	20
1229.471809	65.316323	20
1230.471809	65.34918	20
1231.471809	65.467672	20
1232.471809	65.582396	20
1233.471809	65.51225	20
1234.471809	65.66035	20
1235.471809	65.646423	20
1236.471809	65.714696	20
1237.471809	65.860996	20
1238.471809	65.876084	20
1239.471809	65.894175	20
1240.471809	65.978644	20
1241.471809	66.054761	20
1242.471809	66.114329	20
1243.471809	66.10804	20
1244.471809	66.238243	20
1245.471809	66.263839	20
1246.471809	66.349885	20
1247.471809	66.402473	20
1248.471809	66.492022	20
1249.471809	66.463454	20
1250.471809	66.624947	20
1251.471809	66.675451	20
1252.471809	66.740404	20
1253.471809	66.740034	20
1254.471809	66.806247	20
1255.471809	66.871099	20
1256.471809	66.945155	20
1257.471809	67.003331	20
1258.471809	67.015949	20
1259.471809	67.130687	20
1260.471809	67.224393	20
1261.471809	67.246397	20
1262.471809	67.255945	20
1263.471809	67.30017	20
1264.471809	67.351967	20
1265.471809	67.431624	20
1266.471809	67.42783	20
1267.471809	67.483876	20
1268.471809	67.514924	20
1269.471809	67.688862	20
1270.471809	67.678409	20
1271.471809	67.726739	20
1272.471809	67.762834	20
1273.471809	67.819357	20
1274.471809	67.890242	20
1275.471809	67.968019	20
1276.471809	68.058904	20
1277.471809	68.099549	20
1278.471809	68.146348	20
1279.471809	68.186653	20
1280.471809	68.306904	20
1281.471809	68.33738	20
1282.471809	68.380566	20
1283.471809	68.483125	20
1284.471809	68.501234	20
1285.471809	68.507184	20
1286.471809	68.579919	20
1287.471809	68.629812	20
1288.471809	68.692185	20
1289.471809	68.747867	20
1290.471809	68.793344	20
1291.471809	68.892463	20
1292.471809	68.918175	20
1293.471809	69.033114	20
1294.471809	69.099023	20
1295.471809	69.129848	20
1296.471809	69.167429	20
1297.471809	69.185876	20
1298.471809	69.222919	20
1299.471809	69.346131	20
1300.471809	69.375816	20
1301.471809	69.436574	20
1302.471809	69.453002	20
1303.471809	69.458916	20
1304.471809	69.554514	20
1305.471809	69.633339	20
1306.471809	69.668843	20
1307.471809	69.756775	20
1308.471809	69.77162	20
1309.471809	69.841602	20
1310.471809	69.896744	20
1311.471809	69.934906	20
1312.471809	70.048883	20
1313.471809	70.028137	20
1314.471809	70.072479	20
1315.471809	70.1427	20
1316.471809	70.175784	20
1317.471809	70.217861	20
1318.471809	70.232082	20
1319.471809	70.376201	20
1320.471809	70.343752	20
1321.471809	70.443705	20
1322.471809	70.510523	20
1323.471809	70.586615	20
1324.471809	70.619075	20
1325.471809	70.718579	20
1326.471809	70.738924	20
1327.471809	70.791362	20
1328.471809	70.802076	20
1329.471809	70.881481	20
1330.471809	70.925961	20
1331.471809	71.031348	20
1332.471809	71.017579	20
1333.471809	71.094122	20
1334.471809	71.164142	20
1335.471809	71.202986	20
1336.471809	71.266537	20
1337.471809	71.307549	20
1338.471809	71.40151	20
1339.471809	71.437669	20
1340.471809	71.501495	20
1341.471809	71.491948	20
1342.471809	71.590852	20
1343.471809	71.664106	20
1344.471809	71.769377	20
1345.471809	71.76442	20
1346.471809	71.802409	20
1347.471809	71.846811	20
1348.471809	71.9073	20
1349.471809	71.941916	20
1350.471809	72.029627	20
1351.471809	72.075476	20
1352.471809	72.132071	20
1353.471809	72.23237	20
1354.471809	72.218683	20
1355.471809	72.294878	20
1356.471809	72.343114	20
1357.471809	72.382358	20
1358.471809	72.464532	20
1359.471809	72.521918	20
1360.471809	72.543471	20
1361.471809	72.601298	20
1362.471809	72.66761	20
1363.471809	72.713013	20
1364.471809	72.763028	20
1365.471809	72.829807	20
1366.471809	72.856215	20
1367.471809	72.92013	20
1368.471809	72.988332	20
1369.471809	73.037241	20
1370.471809	73.094097	20
1371.471809	73.103537	20
1372.471809	73.157365	20
1373.471809	73.228894	20
1374.471809	73.281601	20
1375.471809	73.328641	20
1376.471809	73.40522	20
1377.471809	73.461777	20
1378.471809	73.467927	20
1379.471809	73.496588	20
1380.471809	73.559352	20
1381.471809	73.604695	20
1382.471809	73.687761	20
1383.471809	73.711277	20
1384.471809	73.782469	20
1385.471809	73.860809	20
1386.471809	73.921727	20
1387.471809	73.957654	20
1388.471809	73.991175	20
1389.471809	74.111977	20
1390.471809	74.165715	20
1391.471809	74.228704	20
1392.471809	74.293982	20
1393.471809	74.271856	20
1394.471809	74.299032	20
1395.471809	74.445392	20
1396.471809	74.420018	20
1397.471809	74.429018	20
1398.471809	74.554007	20
1399.471809	74.607503	20
1400.471809	74.632381	20
1401.471809	74.696026	20
1402.471809	74.762934	20
1403.471809	74.813162	20
1404.471809	74.863572	20
1405.471809	74.875324	20
1406.471809	74.920438	20
1407.471809	74.983995	20
1408.471809	75.060928	20
1409.471809	75.115296	20
1410.471809	75.104585	20
1411.471809	75.163639	20
1412.471809	75.201117	20
1413.471809	75.280937	20
1414.471809	75.332256	20
1415.471809	75.380039	20
1416.471809	75.400012	20
1417.471809	75.482917	20
1418.471809	75.531697	20
1419.471809	75.542126	20
1420.471809	75.63052	20
1421.471809	75.655709	20
1422.471809	75.715205	20
1423.471809	75.774461	20
1424.471809	75.850609	20
1425.471809	75.927433	20
1426.471809	75.967968	20
1427.471809	75.966418	20
1428.471809	76.023667	20
1429.471809	76.07786	20
1430.471809	76.124147	20
1431.471809	76.164947	20
1432.471809	76.20312	20
1433.471809	76.293966	20
1434.471809	76.376328	20
1435.471809	76.406662	20
1436.471809	76.473335	20
1437.471809	76.507056	20
1438.471809	76.545307	20
1439.471809	76.58373	20
1440.471809	76.585137	20
1441.471809	76.746188	20
1442.471809	76.745101	20
1443.471809	76.810373	20
1444.471809	76.854268	20
1445.471809	76.933628	20
1446.471809	76.912812	20
1447.471809	76.976873	20
1448.471809	76.996166	20
1449.471809	77.088066	20
1450.471809	77.135939	20
1451.471809	77.132893	20
1452.471809	77.158301	20
1453.471809	77.260329	20
1454.471809	77.394618	20
1455.471809	77.324945	20
1456.471809	77.394051	20
1457.471809	77.460145	20
1458.471809	77.479677	20
1459.471809	77.555197	20
1460.471809	77.593601	20
1461.471809	77.675879	20
1462.471809	77.733334	20
1463.471809	77.779883	20
1464.471809	77.848005	20
1465.471809	77.899641	20
1466.471809	77.958205	20
1467.471809	78.036838	20
1468.471809	77.971612	20
1469.471809	78.107395	20
1470.471809	78.211168	20
1471.471809	78.254635	20
1472.471809	78.302933	20
1473.471809	78.34367	20
1474.471809	78.387446	20
1475.471809	78.408408	20
1476.471809	78.492684	20
1477.471809	78.531362	20
1478.471809	78.630305	20
1479.471809	78.662682	20
1480.471809	78.714582	20
1481.471809	78.752553	20
1482.471809	78.839317	20
1483.471809	78.87919	20
1484.471809	78.941912	20
1485.471809	79.01564	20
1486.471809	79.033952	20
1487.471809	79.028716	20
1488.471809	79.058092	20
1489.471809	79.128869	20
1490.471809	79.164178	20
1491.471809	79.240379	20
1492.471809	79.224757	20
1493.471809	79.326356	20
1494.471809	79.35335	20
1495.471809	79.364875	20
1496.471809	79.475038	20
1497.471809	79.51334	20
1498.471809	79.570876	20
1499.471809	79.584543	20
1500.471809	79.671702	20
1501.471809	79.750184	20
1502.471809	79.78771	20
1503.471809	79.788391	20
1504.471809	79.841385	20
1505.471809	79.9297	20
1506.471809	79.992491	20
1507.471809	80.014638	20
1508.471809	80.0724	20
1509.471809	80.112382	20
1510.471809	80.164826	20
1511.471809	80.209026	20
1512.471809	80.242816	20
1513.471809	80.298049	20
1514.471809	80.361616	20
1515.471809	80.441748	20
1516.471809	80.500317	20
1517.471809	80.521416	20
1518.471809	80.577626	20
1519.471809	80.604626	20
1520.471809	80.662381	20
1521.471809	80.699624	20
1522.471809	80.745826	20
1523.471809	80.851819	20
1524.471809	80.828427	20
1525.471809	80.913521	20
1526.471809	80.973897	20
1527.471809	81.031692	20
1528.471809	81.077539	20
1529.471809	81.112803	20
1530.471809	81.17399	20
1531.471809	81.22493	20
1532.471809	81.236012	20
1533.471809	81.301684	20
1534.471809	81.353946	20
1535.471809	81.397624	20
1536.471809	81.446235	20
1537.471809	81.482943	20
1538.471809	81.535859	20
1539.471809	81.576777	20
1540.471809	81.607114	20
1541.471809	81.624746	20
1542.471809	81.740817	20
1543.471809	81.778574	20
1544.471809	81.806972	20
1545.471809	81.881535	20
1546.471809	81.881828	20
1547.471809	81.963269	20
1548.471809	82.00231	20
1549.471809	82.086439	20
1550.471809	82.120357	20
1551.471809	82.167646	20
1552.471809	82.224086	20
1553.471809	82.251771	20
1554.471809	82.266776	20
1555.471809	82.388845	20
1556.471809	82.418517	20
1557.471809	82.465314	20
1558.471809	82.496752	20
1559.471809	82.549465	20
1560.471809	82.631981	20
1561.471809	82.652344	20
1562.471809	82.673478	20
1563.471809	82.68258	20
1564.471809	82.769776	20
1565.471809	82.765506	20
1566.471809	82.831311	20
1567.471809	82.915297	20
1568.471809	82.939371	20
1569.471809	83.003087	20
1570.471809	83.000913	20
1571.471809	83.094106	20
1572.471809	83.126279	20
1573.471809	83.158414	20
1574.471809	83.206994	20
1575.471809	83.291145	20
1576.471809	83.338632	20
1577.471809	83.380588	20
1578.471809	83.396215	20
1579.471809	83.454781	20
1580.471809	83.468799	20
1581.471809	83.5231	20
1582.471809	83.58837	20
1583.471809	83.635595	20
1584.471809	83.692054	20
1585.471809	83.748654	20
1586.471809	83.763065	20
1587.471809	83.8294	20
1588.471809	83.849177	20
1589.471809	83.906226	20
1590.471809	83.933671	20
1591.471809	83.972549	20
1592.471809	84.052929	20
1593.471809	84.054591	20
1594.471809	84.154977	20
1595.471809	84.216826	20
1596.471809	84.239639	20
1597.471809	84.332147	20
1598.471809	84.348022	20
1599.471809	84.355986	20
1600.471809	84.45102	20
1601.471809	84.501634	20
1602.471809	84.550632	20
1603.471809	84.573778	20
1604.471809	84.556109	20
1605.471809	84.669039	20
1606.471809	84.709722	20
1607.471809	84.734411	20
1608.471809	84.785219	20
1609.471809	84.785785	20
1610.471809	84.889161	20
1611.471809	84.865237	20
1612.471809	84.932865	20
1613.471809	85.044252	20
1614.471809	85.014457	20
1615.471809	85.138753	20
1616.471809	85.121603	20
1617.471809	85.132151	20
1618.471809	85.227136	20
1619.471809	85.246756	20
1620.471809	85.243848	20
1621.471809	85.302361	20
1622.471809	85.414175	20
1623.471809	85.366039	20
1624.471809	85.423599	20
1625.471809	85.513815	20
1626.471809	85.486201	20
1627.471809	85.542352	20
1628.471809	85.56824	20
1629.471809	85.726824	20
1630.471809	85.755515	20
1631.471809	85.811007	20
1632.471809	85.848414	20
1633.471809	85.909246	20
1634.471809	85.926746	20
1635.471809	85.994288	20
1636.471809	86.061124	20
1637.471809	86.129438	20
1638.471809	86.151145	20
1639.471809	86.203295	20
1640.471809	86.241776	20
1641.471809	86.32478	20
1642.471809	86.370495	20
1643.471809	86.445878	20
1644.471809	86.453575	20
1645.471809	86.506049	20
1646.471809	86.574817	20
1647.471809	86.593317	20
1648.471809	86.658005	20
1649.471809	86.721438	20
1650.471809	86.819916	20
1651.471809	86.850991	20
1652.471809	86.861945	20
1653.471809	86.960796	20
1654.471809	86.921083	20
1655.471809	86.966214	20
1656.471809	87.091054	20
1657.471809	87.155337	20
1658.471809	87.174263	20
1659.471809	87.228401	20
1660.471809	87.270781	20
1661.471809	87.284238	20
1662.471809	87.377065	20
1663.471809	87.396717	20
1664.471809	87.405828	20
1665.471809	87.423741	20
1666.471809	87.523223	20
1667.471809	87.550786	20
1668.471809	87.584775	20
1669.471809	87.589786	20
1670.471809	87.676075	20
1671.471809	87.718326	20
1672.471809	87.815923	20
1673.471809	87.791313	20
1674.471809	87.793142	20
1675.471809	87.903561	20
1676.471809	87.921604	20
1677.471809	87.976987	20
1678.471809	87.998534	20
1679.471809	88.075029	20
1680.471809	88.1043	20
1681.471809	88.167764	20
1682.471809	88.178222	20
1683.471809	88.211196	20
1684.471809	88.287352	20
1685.471809	88.332261	20
1686.471809	88.382437	20
1687.471809	88.439451	20
1688.471809	88.466516	20
1689.471809	88.46313	20
1690.471809	88.545295	20
1691.471809	88.602077	20
1692.471809	88.635638	20
1693.471809	88.676022	20
1694.471809	88.748992	20
1695.471809	88.756472	20
1696.471809	88.818531	20
1697.471809	88.881627	20
1698.471809	88.894948	20
1699.471809	88.968253	20
1700.471809	88.992258	20
1701.471809	89.005432	20
1702.471809	89.117622	20
1703.471809	89.088464	20
1704.471809	89.146681	20
1705.471809	89.177628	20
1706.471809	89.226869	20
1707.471809	89.317186	20
1708.471809	89.29458	20
1709.471809	89.366157	20
1710.471809	89.411145	20
1711.471809	89.448291	20
1712.471809	89.492278	20
1713.471809	89.52994	20
1714.471809	89.561085	20
1715.471809	89.60401	20
1716.471809	89.633048	20
1717.471809	89.721188	20
1718.471809	89.718723	20
1719.471809	89.78968	20
1720.471809	89.816747	20
1721.471809	89.805596	20
1722.471809	89.925484	20
1723.471809	89.896034	20
1724.471809	90.018071	20
1725.471809	90.068226	20
1726.471809	90.074301	20
1727.471809	90.10637	20
1728.471809	90.146746	20
1729.471809	90.161066	20
1730.471809	90.231706	20
1731.471809	90.256657	20
1732.471809	90.338129	20
1733.471809	90.339755	20
1734.471809	90.410618	20
1735.471809	90.459919	20
1736.471809	90.496361	20
1737.471809	90.474846	20
1738.471809	90.526855	20
1739.471809	90.611601	20
1740.471809	90.680266	20
1741.471809	90.73469	20
1742.471809	90.735662	20
1743.471809	90.758366	20
1744.471809	90.758375	20
1745.471809	90.890716	20
1746.471809	90.908859	20
1747.471809	90.918712	20
1748.471809	90.979821	20
1749.471809	91.035883	20
1750.471809	91.065099	20
1751.471809	91.064252	20
1752.471809	91.111179	20
1753.471809	91.186923	20
1754.471809	91.157435	20
1755.471809	91.296108	20
1756.471809	91.325138	20
1757.471809	91.355367	20
1758.471809	91.40561	20
1759.471809	91.407163	20
1760.471809	91.486918	20
1761.471809	91.53323	20
1762.471809	91.540619	20
1763.471809	91.619003	20
1764.471809	91.60424	20
1765.471809	91.660114	20
1766.471809	91.710524	20
1767.471809	91.736385	20
1768.471809	91.743153	20
1769.471809	91.736925	20
1770.471809	91.789616	20
1771.471809	91.847955	20
1772.471809	91.910388	20
1773.471809	91.948923	20
1774.471809	91.940614	20
1775.471809	92.056969	20
1776.471809	92.131608	20
1777.471809	92.149389	20
1778.471809	92.171005	20
1779.471809	92.155197	20
1780.471809	92.235379	20
1781.471809	92.298152	20
1782.471809	92.318737	20
1783.471809	92.308727	20
1784.471809	92.371875	20
1785.471809	92.417439	20
1786.471809	92.395556	20
1787.471809	92.558496	20
1788.471809	92.589451	20
1789.471809	92.590195	20
1790.471809	92.587283	20
1791.471809	92.737805	20
1792.471809	92.743253	20
1793.471809	92.78939	20
1794.471809	92.813542	20
1795.471809	92.853943	20
1796.471809	92.913677	20
1797.471809	92.890959	20
1798.471809	92.981351	20
1799.471809	92.963948	20
1800.471809	92.976325	20
1801.471809	93.025966	20
1802.471809	93.058254	20
1803.471809	93.097289	20
1804.471809	93.152841	20
1805.471809	93.171596	20
1806.471809	93.222176	20
1807.471809	93.313305	20
1808.471809	93.341371	20
1809.471809	93.29941	20
1810.471809	93.361889	20
1811.471809	93.414452	20
1812.471809	93.485138	20
1813.471809	93.476975	20
1814.471809	93.565668	20
1815.471809	93.630701	20
1816.471809	93.616123	20
1817.471809	93.698601	20
1818.471809	93.733243	20
1819.471809	93.818542	20
1820.471809	93.801898	20
1821.471809	93.888345	20
1822.471809	93.871225	20
1823.471809	93.911292	20
1824.471809	93.847859	20
1825.471809	94.022817	20
1826.471809	94.072452	20
1827.471809	94.107776	20
1828.471809	94.143819	20
1829.471809	94.180982	20
1830.471809	94.257886	20
1831.471809	94.305922	20
1832.471809	94.309826	20
1833.471809	94.357352	20
1834.471809	94.400363	20
1835.471809	94.343921	20
1836.471809	94.36044	20
1837.471809	94.354302	20
1838.471809	94.436673	20
1839.471809	94.496131	20
1840.471809	94.635359	20
1841.471809	94.651955	20
1842.471809	94.674135	20
1843.471809	94.735739	20
1844.471809	94.746678	20
1845.471809	94.816257	20
1846.471809	94.824952	20
1847.471809	94.896246	20
1848.471809	94.911086	20
1849.471809	94.941968	20
1850.471809	94.970039	20
1851.471809	94.96372	20
1852.471809	95.05699	20
1853.471809	95.047821	20
1854.471809	95.123025	20
1855.471809	95.130471	20
1856.471809	95.210566	20
1857.471809	95.208459	20
1858.471809	95.234234	20
1859.471809	95.304768	20
1860.471809	95.329212	20
1861.471809	95.361462	20
1862.471809	95.351145	20
1863.471809	95.46372	20
1864.471809	95.452491	20
1865.471809	95.522663	20
1866.471809	95.476273	20
1867.471809	95.582765	20
1868.471809	95.631117	20
1869.471809	95.677562	20
1870.471809	95.617399	20
1871.471809	95.732792	20
1872.471809	95.679792	20
1873.471809	95.700256	20
1874.471809	95.812513	20
1875.471809	95.90316	20
1876.471809	95.829542	20
1877.471809	95.947752	20
1878.471809	95.96036	20
1879.471809	96.014255	20
1880.471809	96.03771	20
1881.471809	96.092282	20
1882.471809	96.07233	20
1883.471809	96.130144	20
1884.471809	96.102617	20
1885.471809	96.112096	20
1886.471809	95.877195	20
1887.471809	95.673438	20
1888.471809	96.157603	20
1889.471809	95.683055	20
1890.471809	95.928587	20
1891.471809	95.884214	20
1892.471809	95.533741	20