0	1.923278
0.509722	1.886771
1.509722	2.191852
2.509722	1.910866
3.509722	1.942304
4.509722	2.090894
5.509722	1.92367
6.509722	1.998898
7.509722	2.137511
8.509722	1.899553
9.509722	2.092365
10.509722	1.96579
11.509722	1.993497
12.509722	2.11216
13.509722	1.896235
14.509722	2.106498
15.509722	2.091858
16.509722	1.937465
17.509722	2.299948
18.509722	2.144311
19.509722	2.230598
20.509722	2.488819
21.509722	1.896402
22.509722	2.645791
23.509722	1.982684
24.509722	1.809689
25.509722	1.618505
26.509722	2.267997
27.509722	1.984554
28.509722	2.133318
29.509722	1.953513
30.509722	1.916596
31.509722	1.852064
32.509722	1.91981
33.509722	1.938379
34.509722	1.888946
35.509722	1.964253
36.509722	1.855379
37.509722	1.914149
38.509722	1.821361
39.509722	1.911772
40.509722	1.944411
41.509722	1.865513
42.509722	1.847429
43.509722	1.862478
44.509722	1.863883
45.509722	1.853193
46.509722	1.855151
47.509722	1.853564
48.509722	1.81685
49.509722	1.998212
50.509722	1.801853
51.509722	1.861576
52.509722	1.94956
53.509722	1.877733
54.509722	1.794416
55.509722	1.838358
56.509722	1.905547
57.509722	1.903197
58.509722	1.844042
59.509722	1.81886
60.509722	1.825465
61.509722	1.942118
62.509722	1.894673
63.509722	1.811968
64.509722	1.825077
65.509722	1.878972
66.509722	1.902061
67.509722	1.855652
68.509722	1.798343
69.509722	1.824247
70.509722	1.897927
71.509722	1.928841
72.509722	1.886695
73.509722	1.837232
74.509722	1.79611
75.509722	1.8426
76.509722	1.896515
77.509722	1.871386
78.509722	1.787945
79.509722	1.806339
80.509722	1.910042
81.509722	1.925167
82.509722	1.851158
83.509722	1.783287
84.509722	1.801212
85.509722	1.875366
86.509722	1.913974
87.509722	1.888644
88.509722	1.846545
89.509722	1.831023
90.509722	1.832493
91.509722	1.866605
92.509722	1.927605
93.509722	1.908282
94.509722	1.813067
95.509722	1.799263
96.509722	1.88061
97.509722	1.931162
98.509722	1.887164
99.509722	1.804472
100.509722	1.785123
101.509722	1.858055
102.509722	1.928948
103.509722	1.90094
104.509722	1.805615
105.509722	1.785425
106.509722	1.835965
107.509722	1.904702
108.509722	1.914137
109.509722	1.862522
110.509722	1.873987
111.509722	1.868334
112.509722	1.885079
113.509722	1.891424
114.509722	1.890562
115.509722	1.844309
116.509722	1.817363
117.509722	1.831804
118.509722	1.829059
119.509722	1.84402
120.509722	1.854596
121.509722	1.857883
122.509722	1.849122
123.509722	1.932001
124.509722	1.963205
125.509722	1.866502
126.509722	1.802212
127.509722	1.826793
128.509722	1.92173
129.509722	1.944862
130.509722	1.870055
131.509722	1.82827
132.509722	1.844267
133.509722	1.920847
134.509722	1.94047
135.509722	1.864581
136.509722	1.790386
137.509722	1.932472
138.509722	2.016845
139.509722	1.781088
140.509722	1.993484
141.509722	1.91076
142.509722	1.82418
143.509722	1.920289
144.509722	1.895133
145.509722	1.788217
146.509722	2.001933
147.509722	1.86783
148.509722	1.780786
149.509722	1.842613
150.509722	1.945813
151.509722	1.897011
152.509722	1.802259
153.509722	1.804584
154.509722	1.957035
155.509722	1.956555
156.509722	1.816772
157.509722	1.791559
158.509722	1.930198
159.509722	1.987888
160.509722	1.86362
161.509722	1.793078
162.509722	1.879068
163.509722	1.9614
164.509722	1.865187
165.509722	1.768667
166.509722	1.812094
167.509722	1.94289
168.509722	1.913991
169.509722	1.795121
170.509722	1.764198
171.509722	1.908612
172.509722	1.974522
173.509722	1.815608
174.509722	1.758147
175.509722	1.882818
176.509722	2.008399
177.509722	1.804198
178.509722	1.758534
179.509722	1.983958
180.509722	1.912367
181.509722	1.735337
182.509722	1.907546
183.509722	1.990296
184.509722	1.802272
185.509722	1.760727
186.509722	1.960576
187.509722	1.930438
188.509722	1.74603
189.509722	1.817937
190.509722	1.968405
191.509722	1.912581
192.509722	1.85133
193.509722	1.84152
194.509722	1.880908
195.509722	1.931383
196.509722	1.942764
197.509722	1.934131
198.509722	1.865789
199.509722	1.794576
200.509722	1.807378
201.509722	1.903119
202.509722	1.906471
203.509722	1.859727
204.509722	1.793393
205.509722	1.798691
206.509722	1.881314
207.509722	1.939773
208.509722	1.937189
209.509722	1.877959
210.509722	1.834508
211.509722	1.837788
212.509722	1.894595
213.509722	1.952552
214.509722	1.946565
215.509722	1.84308
216.509722	1.787462
217.509722	1.838746
218.509722	1.983934
219.509722	1.918951
220.509722	1.750851
221.509722	1.808923
222.509722	1.954049
223.509722	1.91445
224.509722	1.771129
225.509722	1.786731
226.509722	1.955181
227.509722	1.975341
228.509722	1.7985
229.509722	1.772245
230.509722	1.95898
231.509722	2.013753
232.509722	2.009108
233.509722	2.010532
234.509722	2.001615
235.509722	1.999007
236.509722	2.001413
237.509722	1.992628
238.509722	2.004521
239.509722	2.00501
240.509722	2.001967
241.509722	1.990057
242.509722	1.996543
243.509722	1.995244
244.509722	2.00254
245.509722	2.000774
246.509722	2.002655
247.509722	1.997805
248.509722	1.996038
249.509722	2.009121
250.509722	2.010753
251.509722	2.00684
252.509722	1.972265
253.509722	2.010562
254.509722	2.010213
255.509722	1.998546
256.509722	1.99156
257.509722	1.9895
258.509722	1.995256
259.509722	1.994465
260.509722	1.986422
261.509722	1.990009
262.509722	1.983983
263.509722	1.982196
264.509722	1.9883
265.509722	1.986892
266.509722	1.98024
267.509722	1.976927
268.509722	1.975673
269.509722	1.988669
270.509722	1.983513
271.509722	1.982252
272.509722	1.961806
273.509722	1.995919
274.509722	2.008008
275.509722	2.019499
276.509722	2.022158
277.509722	2.034337
278.509722	2.018636
279.509722	2.033299
280.509722	2.0376
281.509722	2.035191
282.509722	2.04771
283.509722	2.052074
284.509722	2.05704
285.509722	2.074704
286.509722	2.048712
287.509722	2.091876
288.509722	2.095981
289.509722	2.089337
290.509722	2.100758
291.509722	2.096677
292.509722	2.098768
293.509722	2.089762
294.509722	2.142635
295.509722	2.140671
296.509722	2.153157
297.509722	2.149392
298.509722	2.149853
299.509722	2.156811
300.509722	2.16859
301.509722	2.171435
302.509722	2.188568
303.509722	2.192877
304.509722	2.19864
305.509722	2.209074
306.509722	2.210468
307.509722	2.218522
308.509722	2.226004
309.509722	2.235641
310.509722	2.239629
311.509722	2.250997
312.509722	2.254519
313.509722	2.262792
314.509722	2.255702
315.509722	2.269839
316.509722	2.272356
317.509722	2.276057
318.509722	2.282705
319.509722	2.283488
320.509722	2.289985
321.509722	2.293573
322.509722	2.30768
323.509722	2.304065
324.509722	2.325519
325.509722	2.339654
326.509722	2.344643
327.509722	2.35059
328.509722	2.359168
329.509722	2.361009
330.509722	2.361885
331.509722	2.375124
332.509722	2.377544
333.509722	2.3939
334.509722	2.38831
335.509722	2.406299
336.509722	2.41465
337.509722	2.41359
338.509722	2.40511
339.509722	2.417405
340.509722	2.437877
341.509722	2.43944
342.509722	2.432826
343.509722	2.464252
344.509722	2.472591
345.509722	2.470204
346.509722	2.482727
347.509722	2.487508
348.509722	2.495275
349.509722	2.499806
350.509722	2.510797
351.509722	2.522197
352.509722	2.523718
353.509722	2.536761
354.509722	2.542519
355.509722	2.548619
356.509722	2.555326
357.509722	2.563358
358.509722	2.558653
359.509722	2.571858
360.509722	2.579014
361.509722	2.595613
362.509722	2.59394
363.509722	2.595643
364.509722	2.610904
365.509722	2.61153
366.509722	2.617171
367.509722	2.618147
368.509722	2.631329
369.509722	2.631331
370.509722	2.63899
371.509722	2.643297
372.509722	2.651356
373.509722	2.656375
374.509722	2.673415
375.509722	2.673348
376.509722	2.681044
377.509722	2.69031
378.509722	2.696404
379.509722	2.702594
380.509722	2.713394
381.509722	2.6928
382.509722	2.716562
383.509722	2.733692
384.509722	2.741072
385.509722	2.747865
386.509722	2.756877
387.509722	2.760209
388.509722	2.76496
389.509722	2.764359
390.509722	2.7786
391.509722	2.78376
392.509722	2.784312
393.509722	2.794954
394.509722	2.812757
395.509722	2.823061
396.509722	2.82979
397.509722	2.827112
398.509722	2.84309
399.509722	2.847757
400.509722	2.850506
401.509722	2.82316
402.509722	2.863657
403.509722	2.865277
404.509722	2.870318
405.509722	2.884863
406.509722	2.890541
407.509722	2.874567
408.509722	2.885985
409.509722	2.895382
410.509722	2.903545
411.509722	2.90628
412.509722	2.92368
413.509722	2.929595
414.509722	2.928768
415.509722	2.925446
416.509722	2.936116
417.509722	2.939308
418.509722	2.941442
419.509722	2.950831
420.509722	2.956619
421.509722	2.972273
422.509722	2.979185
423.509722	2.985109
424.509722	2.993806
425.509722	2.993759
426.509722	3.000442
427.509722	2.993102
428.509722	3.014037
429.509722	2.996378
430.509722	3.024441
431.509722	3.020527
432.509722	3.033644
433.509722	3.047554
434.509722	3.060229
435.509722	3.052551
436.509722	3.051635
437.509722	3.075753
438.509722	3.073152
439.509722	3.087482
440.509722	3.081847
441.509722	3.106379
442.509722	3.108628
443.509722	3.115705
444.509722	3.114036
445.509722	3.119029
446.509722	3.134744
447.509722	3.139412
448.509722	3.147022
449.509722	3.141881
450.509722	3.160767
451.509722	3.151947
452.509722	3.157494
453.509722	3.175412
454.509722	3.181482
455.509722	3.175693
456.509722	3.19967
457.509722	3.209145
458.509722	3.196939
459.509722	3.206499
460.509722	3.217657
461.509722	3.215214
462.509722	3.219923
463.509722	3.220551
464.509722	3.24023
465.509722	3.247704
466.509722	3.257017
467.509722	3.258583
468.509722	3.270651
469.509722	3.258895
470.509722	3.27476
471.509722	3.289031
472.509722	3.292412
473.509722	3.303773
474.509722	3.302417
475.509722	3.315357
476.509722	3.329586
477.509722	3.327248
478.509722	3.329137
479.509722	3.329997
480.509722	3.340814
481.509722	3.345348
482.509722	3.353798
483.509722	3.353966
484.509722	3.363623
485.509722	3.369171
486.509722	3.376007
487.509722	3.383148
488.509722	3.384904
489.509722	3.392089
490.509722	3.402412
491.509722	3.408022
492.509722	3.417084
493.509722	3.419393
494.509722	3.417599
495.509722	3.429743
496.509722	3.475137
497.509722	3.453628
498.509722	3.425312
499.509722	3.464278
500.509722	3.471155
501.509722	3.477388
502.509722	3.46081
503.509722	3.46835
504.509722	3.482949
505.509722	3.491804
506.509722	3.50105
507.509722	3.503279
508.509722	3.521658
509.509722	3.521447
510.509722	3.540614
511.509722	3.542234
512.509722	3.553812
513.509722	3.558646
514.509722	3.556562
515.509722	3.565518
516.509722	3.570796
517.509722	3.585211
518.509722	3.589996
519.509722	3.595031
520.509722	3.588831
521.509722	3.597012
522.509722	3.608775
523.509722	3.611917
524.509722	3.636843
525.509722	3.641786
526.509722	3.621982
527.509722	3.650439
528.509722	3.654452
529.509722	3.664305
530.509722	3.670332
531.509722	3.667725
532.509722	3.685805
533.509722	3.682056
534.509722	3.693541
535.509722	3.695758
536.509722	3.701992
537.509722	3.712702
538.509722	3.717525
539.509722	3.718731
540.509722	3.728599
541.509722	3.73537
542.509722	3.747014
543.509722	3.757857
544.509722	3.7611
545.509722	3.761447
546.509722	3.768567
547.509722	3.785415
548.509722	3.78881
549.509722	3.795589
550.509722	3.815571
551.509722	3.821291
552.509722	3.827413
553.509722	3.827161
554.509722	3.823249
555.509722	3.834754
556.509722	3.840405
557.509722	3.853518
558.509722	3.875724
559.509722	3.880325
560.509722	3.849042
561.509722	3.881897
562.509722	3.891804
563.509722	3.887238
564.509722	3.905038
565.509722	3.910435
566.509722	3.908727
567.509722	3.91886
568.509722	3.934143
569.509722	3.942834
570.509722	3.943181
571.509722	3.947264
572.509722	3.957219
573.509722	3.969135
574.509722	3.956783
575.509722	3.972291
576.509722	3.97415
577.509722	3.978709
578.509722	3.988048
579.509722	3.99466
580.509722	4.002586
581.509722	4.004234
582.509722	4.014509
583.509722	4.018862
584.509722	4.028949
585.509722	4.032482
586.509722	4.041889
587.509722	4.040541
588.509722	4.062788
589.509722	4.068237
590.509722	4.043679
591.509722	4.07015
592.509722	4.073232
593.509722	4.086361
594.509722	4.083079
595.509722	4.102779
596.509722	4.108222
597.509722	4.120102
598.509722	4.139485
599.509722	4.152128
600.509722	4.158277
601.509722	4.162258
602.509722	4.165824
603.509722	4.169033
604.509722	4.184344
605.509722	4.208743
606.509722	4.21452
607.509722	4.219432
608.509722	4.220113
609.509722	4.209825
610.509722	4.222582
611.509722	4.2339
612.509722	4.234486
613.509722	4.248401
614.509722	4.257663
615.509722	4.269226
616.509722	4.2733
617.509722	4.297283
618.509722	4.291504
619.509722	4.297211
620.509722	4.304021
621.509722	4.317943
622.509722	4.318851
623.509722	4.359443
624.509722	4.36202
625.509722	4.366834
626.509722	4.335828
627.509722	4.342635
628.509722	4.373494
629.509722	4.347748
630.509722	4.362052
631.509722	4.376027
632.509722	4.365339
633.509722	4.378868
634.509722	4.394188
635.509722	4.405611
636.509722	4.413626
637.509722	4.423873
638.509722	4.418812
639.509722	4.437362
640.509722	4.446061
641.509722	4.456811
642.509722	4.459421
643.509722	4.465677
644.509722	4.433521
645.509722	4.445407
646.509722	4.463982
647.509722	4.469945
648.509722	4.506553
649.509722	4.501794
650.509722	4.513087
651.509722	4.502122
652.509722	4.500248
653.509722	4.524316
654.509722	4.535707
655.509722	4.540491
656.509722	4.554308
657.509722	4.556151
658.509722	4.573548
659.509722	4.578689
660.509722	4.575194
661.509722	4.565528
662.509722	4.563145
663.509722	4.592585
664.509722	4.594497
665.509722	4.601127
666.509722	4.610333
667.509722	4.616533
668.509722	4.633752
669.509722	4.635112
670.509722	4.637189
671.509722	4.646528
672.509722	4.652693
673.509722	4.649714
674.509722	4.664661
675.509722	4.667956
676.509722	4.680944
677.509722	4.679354
678.509722	4.690045
679.509722	4.697536
680.509722	4.721068
681.509722	4.720608
682.509722	4.728332
683.509722	4.741624
684.509722	4.747931
685.509722	4.760178
686.509722	4.771631
687.509722	4.776828
688.509722	4.78075
689.509722	4.791053
690.509722	4.804342
691.509722	4.79738
692.509722	4.80859
693.509722	4.7943
694.509722	4.778556
695.509722	4.824357
696.509722	4.820112
697.509722	4.846593
698.509722	4.845409
699.509722	4.850367
700.509722	4.858283
701.509722	4.877883
702.509722	4.892053
703.509722	4.891037
704.509722	4.901077
705.509722	4.903905
706.509722	4.917467
707.509722	4.918722
708.509722	4.928364
709.509722	4.940661
710.509722	4.949143
711.509722	4.961693
712.509722	4.964621
713.509722	4.967958
714.509722	4.973383
715.509722	4.984618
716.509722	4.994002
717.509722	4.999208
718.509722	5.008724
719.509722	5.00846
720.509722	5.020636
721.509722	5.020547
722.509722	5.034211
723.509722	5.043091
724.509722	5.048833
725.509722	5.05992
726.509722	5.064452
727.509722	5.08632
728.509722	5.085869
729.509722	5.085349
730.509722	5.100717
731.509722	5.11424
732.509722	5.117892
733.509722	5.109774
734.509722	5.117555
735.509722	5.142255
736.509722	5.13872
737.509722	5.15706
738.509722	5.165238
739.509722	5.172967
740.509722	5.177717
741.509722	5.172829
742.509722	5.186745
743.509722	5.187658
744.509722	5.201549
745.509722	5.209608
746.509722	5.219279
747.509722	5.229483
748.509722	5.23492
749.509722	5.236485
750.509722	5.246057
751.509722	5.243427
752.509722	5.253485
753.509722	5.26874
754.509722	5.277571
755.509722	5.278437
756.509722	5.299172
757.509722	5.286916
758.509722	5.286933
759.509722	5.309782
760.509722	5.320237
761.509722	5.326747
762.509722	5.335686
763.509722	5.343283
764.509722	5.354511
765.509722	5.374048
766.509722	5.382589
767.509722	5.382449
768.509722	5.404355
769.509722	5.405374
770.509722	5.403351
771.509722	5.401211
772.509722	5.411905
773.509722	5.422023
774.509722	5.433488
775.509722	5.434456
776.509722	5.447359
777.509722	5.468783
778.509722	5.472199
779.509722	5.481259
780.509722	5.490232
781.509722	5.508051
782.509722	5.501007
783.509722	5.515347
784.509722	5.52357
785.509722	5.535373
786.509722	5.543207
787.509722	5.541677
788.509722	5.555833
789.509722	5.561478
790.509722	5.560283
791.509722	5.572743
792.509722	5.584495
793.509722	5.593161
794.509722	5.598707
795.509722	5.613861
796.509722	5.619863
797.509722	5.628019
798.509722	5.638333
799.509722	5.656751
800.509722	5.650597
801.509722	5.653703
802.509722	5.661567
803.509722	5.676673
804.509722	5.691238
805.509722	5.692064
806.509722	5.694361
807.509722	5.702114
808.509722	5.671716
809.509722	5.693715
810.509722	5.716992
811.509722	5.740134
812.509722	5.746635
813.509722	5.743453
814.509722	5.761091
815.509722	5.767689
816.509722	5.731056
817.509722	5.749167
818.509722	5.770177
819.509722	5.775141
820.509722	5.795457
821.509722	5.806228
822.509722	5.816081
823.509722	5.826298
824.509722	5.845591
825.509722	5.887901
826.509722	5.885136
827.509722	5.895715
828.509722	5.898855
829.509722	5.885219
830.509722	5.831323
831.509722	5.857236
832.509722	5.883499
833.509722	5.891806
834.509722	5.903139
835.509722	5.918987
836.509722	5.927354
837.509722	5.933131
838.509722	5.934379
839.509722	5.946416
840.509722	5.941469
841.509722	5.962568
842.509722	5.963019
843.509722	5.981943
844.509722	5.982086
845.509722	5.992484
846.509722	6.00264
847.509722	6.021203
848.509722	6.027729
849.509722	6.032216
850.509722	6.048849
851.509722	6.004669
852.509722	6.07422
853.509722	6.048609
854.509722	6.049087
855.509722	6.070316
856.509722	6.077216
857.509722	6.088681
858.509722	6.094026
859.509722	6.100657
860.509722	6.116943
861.509722	6.119958
862.509722	6.121317
863.509722	6.131257
864.509722	6.134038
865.509722	6.136513
866.509722	6.15875
867.509722	6.161527
868.509722	6.180851
869.509722	6.202579
870.509722	6.161554
871.509722	6.181845
872.509722	6.216316
873.509722	6.214331
874.509722	6.225924
875.509722	6.230646
876.509722	6.246645
877.509722	6.253228
878.509722	6.258021
879.509722	6.26701
880.509722	6.27315
881.509722	6.272519
882.509722	6.271583
883.509722	6.288143
884.509722	6.290788
885.509722	6.302187
886.509722	6.306187
887.509722	6.322977
888.509722	6.333674
889.509722	6.349465
890.509722	6.363723
891.509722	6.369273
892.509722	6.375295
893.509722	6.37932
894.509722	6.379207
895.509722	6.373048
896.509722	6.392475
897.509722	6.374012
898.509722	6.365651
899.509722	6.414526
900.509722	6.438182
901.509722	6.43755
902.509722	6.460469
903.509722	6.477605
904.509722	6.487819
905.509722	6.493736
906.509722	6.501789
907.509722	6.505217
908.509722	6.526441
909.509722	6.480371
910.509722	6.464176
911.509722	6.512488
912.509722	6.529997
913.509722	6.550959
914.509722	6.557304
915.509722	6.569682
916.509722	6.582792
917.509722	6.583146
918.509722	6.599611
919.509722	6.599988
920.509722	6.609266
921.509722	6.635491
922.509722	6.604923
923.509722	6.603656
924.509722	6.62332
925.509722	6.651816
926.509722	6.679005
927.509722	6.683642
928.509722	6.71456
929.509722	6.670209
930.509722	6.645442
931.509722	6.696633
932.509722	6.730061
933.509722	6.727045
934.509722	6.735055
935.509722	6.743416
936.509722	6.750051
937.509722	6.755672
938.509722	6.754397
939.509722	6.76013
940.509722	6.759756
941.509722	6.791493
942.509722	6.794562
943.509722	6.797219
944.509722	6.805284
945.509722	6.812322
946.509722	6.85006
947.509722	6.791802
948.509722	6.821301
949.509722	6.849824
950.509722	6.8672
951.509722	6.874089
952.509722	6.887489
953.509722	6.886803
954.509722	6.887357
955.509722	6.897394
956.509722	6.898178
957.509722	6.908346
958.509722	6.918847
959.509722	6.916544
960.509722	6.921995
961.509722	6.941777
962.509722	6.948104
963.509722	6.954247
964.509722	6.949067
965.509722	7.020242
966.509722	6.934503
967.509722	7.018967
968.509722	6.991532
969.509722	6.991689
970.509722	7.039577
971.509722	7.066297
972.509722	7.071999
973.509722	7.032372
974.509722	7.029016
975.509722	7.062383
976.509722	7.051779
977.509722	7.069087
978.509722	7.084688
979.509722	7.092672
980.509722	7.103111
981.509722	7.116475
982.509722	7.129001
983.509722	7.136017
984.509722	7.132278
985.509722	7.143854
986.509722	7.15416
987.509722	7.163158
988.509722	7.168168
989.509722	7.158918
990.509722	7.172466
991.509722	7.242298
992.509722	7.243582
993.509722	7.257173
994.509722	7.259397
995.509722	7.279808
996.509722	7.272591
997.509722	7.250838
998.509722	7.281973
999.509722	7.296846
1000.509722	7.299571
1001.509722	7.324643
1002.509722	7.247221
1003.509722	7.276836
1004.509722	7.325721
1005.509722	7.346216
1006.509722	7.313089
1007.509722	7.356508
1008.509722	7.369749
1009.509722	7.379014
1010.509722	7.391136
1011.509722	7.395
1012.509722	7.40723
1013.509722	7.374663
1014.509722	7.451132
1015.509722	7.451818
1016.509722	7.466374
1017.509722	7.373041
1018.509722	7.391846
1019.509722	7.425299
1020.509722	7.447616
1021.509722	7.450114
1022.509722	7.461855
1023.509722	7.502097
1024.509722	7.521247
1025.509722	7.537747
1026.509722	7.56017
1027.509722	7.544269
1028.509722	7.586683
1029.509722	7.493055
1030.509722	7.527408
1031.509722	7.564916
1032.509722	7.576327
1033.509722	7.560828
1034.509722	7.580059
1035.509722	7.584243
1036.509722	7.593477
1037.509722	7.606629
1038.509722	7.620987
1039.509722	7.632954
1040.509722	7.639092
1041.509722	7.689235
1042.509722	7.706371
1043.509722	7.704748
1044.509722	7.70504
1045.509722	7.716209
1046.509722	7.727534
1047.509722	7.725439
1048.509722	7.740972
1049.509722	7.765704
1050.509722	7.770379
1051.509722	7.71999
1052.509722	7.682792
1053.509722	7.693314
1054.509722	7.739809
1055.509722	7.760137
1056.509722	7.698537
1057.509722	7.753412
1058.509722	7.783063
1059.509722	7.764861
1060.509722	7.771875
1061.509722	7.797242
1062.509722	7.80814
1063.509722	7.820225
1064.509722	7.82871
1065.509722	7.844225
1066.509722	7.895446
1067.509722	7.904651
1068.509722	7.910707
1069.509722	7.925585
1070.509722	7.927591
1071.509722	7.936078
1072.509722	7.943891
1073.509722	7.945491
1074.509722	7.952431
1075.509722	7.968566
1076.509722	7.980624
1077.509722	7.981892
1078.509722	7.990537
1079.509722	7.997996
1080.509722	8.007288
1081.509722	8.020962
1082.509722	8.023034
1083.509722	8.033397
1084.509722	8.071318
1085.509722	8.052073
1086.509722	8.075286
1087.509722	8.083947
1088.509722	8.117359
1089.509722	8.136407
1090.509722	8.05389
1091.509722	8.029759
1092.509722	8.085145
1093.509722	8.118223
1094.509722	8.119007
1095.509722	8.147701
1096.509722	8.116489
1097.509722	8.1172
1098.509722	8.133662
1099.509722	8.168898
1100.509722	8.18091
1101.509722	8.196469
1102.509722	8.192241
1103.509722	8.135964
1104.509722	8.189082
1105.509722	8.278764
1106.509722	8.280931
1107.509722	8.289721
1108.509722	8.282791
1109.509722	8.249311
1110.509722	8.162918
1111.509722	8.186588
1112.509722	8.203223
1113.509722	8.279078
1114.509722	8.28252
1115.509722	8.323946
1116.509722	8.36045
1117.509722	8.374782
1118.509722	8.365713
1119.509722	8.327134
1120.509722	8.358064
1121.509722	8.388302
1122.509722	8.387251
1123.509722	8.334509
1124.509722	8.301859
1125.509722	8.377357
1126.509722	8.387721
1127.509722	8.373423
1128.509722	8.404716
1129.509722	8.44286
1130.509722	8.452737
1131.509722	8.461197
1132.509722	8.392167
1133.509722	8.446989
1134.509722	8.48954
1135.509722	8.490417
1136.509722	8.520367
1137.509722	8.455583
1138.509722	8.441036
1139.509722	8.496509
1140.509722	8.527675
1141.509722	8.53116
1142.509722	8.540532
1143.509722	8.582127
1144.509722	8.613027
1145.509722	8.623066
1146.509722	8.624678
1147.509722	8.642622
1148.509722	8.651215
1149.509722	8.602011
1150.509722	8.631017
1151.509722	8.653965
1152.509722	8.664814
1153.509722	8.66815
1154.509722	8.68575
1155.509722	8.691845
1156.509722	8.699149
1157.509722	8.713664
1158.509722	8.729211
1159.509722	8.717734
1160.509722	8.666913
1161.509722	8.690375
1162.509722	8.726013
1163.509722	8.733768
1164.509722	8.733706
1165.509722	8.783513
1166.509722	8.793236
1167.509722	8.803925
1168.509722	8.814701
1169.509722	8.819269
1170.509722	8.833823
1171.509722	8.775268
1172.509722	8.767356
1173.509722	8.795957
1174.509722	8.824751
1175.509722	8.83679
1176.509722	8.811979
1177.509722	8.810313
1178.509722	8.827452
1179.509722	8.858527
1180.509722	8.879736
1181.509722	8.895401
1182.509722	8.922434
1183.509722	8.882693
1184.509722	8.954909
1185.509722	8.980831
1186.509722	8.999137
1187.509722	9.006126
1188.509722	9.016628
1189.509722	9.018562
1190.509722	8.942193
1191.509722	8.923904
1192.509722	8.969586
1193.509722	8.999088
1194.509722	8.971612
1195.509722	9.048597
1196.509722	9.079479
1197.509722	9.042384
1198.509722	9.072857
1199.509722	9.092684
1200.509722	9.102709
1201.509722	9.10338
1202.509722	9.150249
1203.509722	9.059233
1204.509722	9.062
1205.509722	9.076845
1206.509722	9.098404
1207.509722	9.161964
1208.509722	9.136076
1209.509722	9.17982
1210.509722	9.218466
1211.509722	9.152103
1212.509722	9.144816
1213.509722	9.241341
1214.509722	9.270618
1215.509722	9.285609
1216.509722	9.263285
1217.509722	9.275237
1218.509722	9.298178
1219.509722	9.30347
1220.509722	9.362452
1221.509722	9.364434
1222.509722	9.360853
1223.509722	9.394936
1224.509722	9.332329
1225.509722	9.308371
1226.509722	9.441736
1227.509722	9.381184
1228.509722	9.325076
1229.509722	9.360731
1230.509722	9.442542
1231.509722	9.457122
1232.509722	9.488569
1233.509722	9.330072
1234.509722	9.361704
1235.509722	9.465884
1236.509722	9.518345
1237.509722	9.521639
1238.509722	9.505978
1239.509722	9.446317
1240.509722	9.483145
1241.509722	9.490494
1242.509722	9.530966
1243.509722	9.539412
1244.509722	9.555012
1245.509722	9.556703
1246.509722	9.570108
1247.509722	9.576149
1248.509722	9.527969
1249.509722	9.573102
1250.509722	9.589729
1251.509722	9.602758
1252.509722	9.609796
1253.509722	9.611886
1254.509722	9.536338
1255.509722	9.589234
1256.509722	9.626093
1257.509722	9.573345
1258.509722	9.654871
1259.509722	9.598873
1260.509722	9.675701
1261.509722	9.680908
1262.509722	9.754295
1263.509722	9.752756
1264.509722	9.660846
1265.509722	9.722917
1266.509722	9.805832
1267.509722	9.82173
1268.509722	9.77983
1269.509722	9.81411
1270.509722	9.820378
1271.509722	9.831864
1272.509722	9.738887
1273.509722	9.74984
1274.509722	9.783298
1275.509722	9.840679
1276.509722	9.849314
1277.509722	9.851338
1278.509722	9.839717
1279.509722	9.851394
1280.509722	9.918779
1281.509722	9.85142
1282.509722	9.81214
1283.509722	9.849755
1284.509722	9.903321
1285.509722	9.917615
1286.509722	9.952455
1287.509722	9.927923
1288.509722	9.926606
1289.509722	9.970158
1290.509722	10.021498
1291.509722	9.964426
1292.509722	9.968577
1293.509722	9.959911
1294.509722	9.930676
1295.509722	9.971949
1296.509722	10.008044
1297.509722	10.022066
1298.509722	10.033242
1299.509722	9.96445
1300.509722	9.964843
1301.509722	10.001897
1302.509722	10.026584
1303.509722	10.062182
1304.509722	10.133395
1305.509722	10.125951
1306.509722	10.09021
1307.509722	10.051645
1308.509722	10.07521
1309.509722	10.105868
1310.509722	10.189257
1311.509722	10.225501
1312.509722	10.173759
1313.509722	10.164323
1314.509722	10.130127
1315.509722	10.163687
1316.509722	10.194857
1317.509722	10.249079
1318.509722	10.266455
1319.509722	10.243908
1320.509722	10.202452
1321.509722	10.22617
1322.509722	10.232433
1323.509722	10.282026
1324.509722	10.294121
1325.509722	10.333645
1326.509722	10.343671
1327.509722	10.363786
1328.509722	10.360054
1329.509722	10.326448
1330.509722	10.368937
1331.509722	10.385983
1332.509722	10.392176
1333.509722	10.458115
1334.509722	10.391832
1335.509722	10.396953
1336.509722	10.394122
1337.509722	10.479333
1338.509722	10.334448
1339.509722	10.329639
1340.509722	10.415949
1341.509722	10.398141
1342.509722	10.428711
1343.509722	10.395084
1344.509722	10.515922
1345.509722	10.522436
1346.509722	10.533888
1347.509722	10.539687
1348.509722	10.549238
1349.509722	10.583727
1350.509722	10.62448
1351.509722	10.376748
1352.509722	10.452672
1353.509722	10.492914
1354.509722	10.521541
1355.509722	10.482891
1356.509722	10.555811
1357.509722	10.57641
1358.509722	10.589451
1359.509722	10.588768
1360.509722	10.597649
1361.509722	10.60746
1362.509722	10.633911
1363.509722	10.644397
1364.509722	10.666313
1365.509722	10.609371
1366.509722	10.620295
1367.509722	10.673525
1368.509722	10.683728
1369.509722	10.700948
1370.509722	10.761836
1371.509722	10.666153
1372.509722	10.644952
1373.509722	10.775129
1374.509722	10.78069
1375.509722	10.773861
1376.509722	10.834149
1377.509722	10.884824
1378.509722	10.888847
1379.509722	10.897128
1380.509722	10.894986
1381.509722	10.848817
1382.509722	10.856981
1383.509722	10.897328
1384.509722	10.93191
1385.509722	10.945225
1386.509722	10.971288
1387.509722	10.839632
1388.509722	10.915255
1389.509722	10.926794
1390.509722	10.983779
1391.509722	10.93143
1392.509722	10.915044
1393.509722	10.976726
1394.509722	10.862945
1395.509722	11.00412
1396.509722	11.0048
1397.509722	10.903317
1398.509722	10.975768
1399.509722	10.907545
1400.509722	10.986271
1401.509722	11.033759
1402.509722	11.065173
1403.509722	11.066173
1404.509722	11.080084
1405.509722	11.092709
1406.509722	11.097611
1407.509722	11.101485
1408.509722	11.114525
1409.509722	11.125072
1410.509722	11.136055
1411.509722	11.142727
1412.509722	11.189106
1413.509722	11.159639
1414.509722	11.263515
1415.509722	11.177463
1416.509722	11.208077
1417.509722	11.249744
1418.509722	11.157801
1419.509722	11.173239
1420.509722	11.225399
1421.509722	11.252313
1422.509722	11.292105
1423.509722	11.309786
1424.509722	11.316038
1425.509722	11.329059
1426.509722	11.267907
1427.509722	11.284321
1428.509722	11.339616
1429.509722	11.373168
1430.509722	11.383002
1431.509722	11.390374
1432.509722	11.375452
1433.509722	11.28652
1434.509722	11.318662
1435.509722	11.419977
1436.509722	11.40366
1437.509722	11.358003
1438.509722	11.369583
1439.509722	11.403281
1440.509722	11.441429
1441.509722	11.454064
1442.509722	11.449069
1443.509722	11.474599
1444.509722	11.480236
1445.509722	11.515691
1446.509722	11.504795
1447.509722	11.530111
1448.509722	11.483019
1449.509722	11.556796
1450.509722	11.553455
1451.509722	11.542298
1452.509722	11.590901
1453.509722	11.489281
1454.509722	11.499543
1455.509722	11.561161
1456.509722	11.532483
1457.509722	11.560641
1458.509722	11.620933
1459.509722	11.595882
1460.509722	11.633862
1461.509722	11.6428
1462.509722	11.642822
1463.509722	11.660956
1464.509722	11.674118
1465.509722	11.69693
1466.509722	11.666683
1467.509722	11.736543
1468.509722	11.731946
1469.509722	11.712775
1470.509722	11.739585
1471.509722	11.618051
1472.509722	11.791242
1473.509722	11.862197
1474.509722	11.863406
1475.509722	11.715113
1476.509722	11.769702
1477.509722	11.782162
1478.509722	11.790003
1479.509722	11.844182
1480.509722	11.850429
1481.509722	11.895033
1482.509722	11.796193
1483.509722	11.861689
1484.509722	11.893381
1485.509722	11.906356
1486.509722	11.887726
1487.509722	11.915652
1488.509722	11.928839
1489.509722	11.908911
1490.509722	11.934575
1491.509722	11.931688
1492.509722	11.942544
1493.509722	11.986154
1494.509722	12.006238
1495.509722	11.996036
1496.509722	12.048164
1497.509722	12.065181
1498.509722	12.016266
1499.509722	12.073403
1500.509722	11.988771
1501.509722	12.085186
1502.509722	12.085411
1503.509722	11.961253
1504.509722	12.103971
1505.509722	12.049227
1506.509722	12.031384
1507.509722	12.061869
1508.509722	12.099775
1509.509722	12.109518
1510.509722	12.103933
1511.509722	12.065896
1512.509722	12.103491
1513.509722	12.1309
1514.509722	12.159956
1515.509722	12.188377
1516.509722	12.192703
1517.509722	12.218212
1518.509722	12.230796
1519.509722	12.221128
1520.509722	12.13195
1521.509722	12.14489
1522.509722	12.243412
1523.509722	12.244715
1524.509722	12.214906
1525.509722	12.256871
1526.509722	12.316229
1527.509722	12.334434
1528.509722	12.35213
1529.509722	12.246339
1530.509722	12.276074
1531.509722	12.400075
1532.509722	12.390147
1533.509722	12.248542
1534.509722	12.341822
1535.509722	12.392133
1536.509722	12.409352
1537.509722	12.376109
1538.509722	12.422661
1539.509722	12.439187
1540.509722	12.394864
1541.509722	12.3826
1542.509722	12.462071
1543.509722	12.456926
1544.509722	12.488748
1545.509722	12.525994
1546.509722	12.509032
1547.509722	12.570963
1548.509722	12.564563
1549.509722	12.440899
1550.509722	12.557542
1551.509722	12.541781
1552.509722	12.544348
1553.509722	12.574377
1554.509722	12.591971
1555.509722	12.604115
1556.509722	12.607659
1557.509722	12.604423
1558.509722	12.629946
1559.509722	12.662521
1560.509722	12.519393
1561.509722	12.586732
1562.509722	12.65007
1563.509722	12.614102
1564.509722	12.696192
1565.509722	12.702727
1566.509722	12.720408
1567.509722	12.717825
1568.509722	12.712383
1569.509722	12.779115
1570.509722	12.820403
1571.509722	12.716312
1572.509722	12.698543
1573.509722	12.76264
1574.509722	12.767597
1575.509722	12.748721
1576.509722	12.736882
1577.509722	12.804809
1578.509722	12.826579
1579.509722	12.804933
1580.509722	12.856859
1581.509722	12.846346
1582.509722	12.839321
1583.509722	12.801837
1584.509722	12.828332
1585.509722	12.921693
1586.509722	12.925614
1587.509722	12.903205
1588.509722	12.758725
1589.509722	12.887671
1590.509722	12.912434
1591.509722	12.87158
1592.509722	12.988804
1593.509722	12.983495
1594.509722	13.009449
1595.509722	12.999417
1596.509722	13.026126
1597.509722	13.033526
1598.509722	13.043968
1599.509722	13.030233
1600.509722	13.005456
1601.509722	13.116836
1602.509722	13.123747
1603.509722	13.053225
1604.509722	13.139664
1605.509722	13.104221
1606.509722	13.049797
1607.509722	13.179565
1608.509722	13.10081
1609.509722	13.170001
1610.509722	13.179578
1611.509722	13.194267
1612.509722	13.183616
1613.509722	13.126206
1614.509722	13.136271
1615.509722	13.173278
1616.509722	13.19397
1617.509722	13.199566
1618.509722	13.229531
1619.509722	13.166351
1620.509722	13.148807
1621.509722	13.245518
1622.509722	13.274327
1623.509722	13.269373
1624.509722	13.351641
1625.509722	13.355555
1626.509722	13.335126
1627.509722	13.316071
1628.509722	13.352603
1629.509722	13.417978
1630.509722	13.397515
1631.509722	13.314451
1632.509722	13.358585
1633.509722	13.393766
1634.509722	13.447329
1635.509722	13.371345
1636.509722	13.382612
1637.509722	13.411975
1638.509722	13.446797
1639.509722	13.42433
1640.509722	13.432211
1641.509722	13.456225
1642.509722	13.557164
1643.509722	13.353588
1644.509722	13.38452
1645.509722	13.53583
1646.509722	13.492836
1647.509722	13.564856
1648.509722	13.553352
1649.509722	13.435001
1650.509722	13.587468
1651.509722	13.610823
1652.509722	13.583594
1653.509722	13.582636
1654.509722	13.679343
1655.509722	13.580974
1656.509722	13.594547
1657.509722	13.637141
1658.509722	13.60596
1659.509722	13.62071
1660.509722	13.65325
1661.509722	13.676719
1662.509722	13.679144
1663.509722	13.673153
1664.509722	13.692283
1665.509722	13.697664
1666.509722	13.683679
1667.509722	13.715589
1668.509722	13.727937
1669.509722	13.727285
1670.509722	13.77488
1671.509722	13.751969
1672.509722	13.780102
1673.509722	13.74657
1674.509722	13.720672
1675.509722	13.738463
1676.509722	13.832175
1677.509722	13.817572
1678.509722	13.827477
1679.509722	13.839553
1680.509722	13.865296
1681.509722	13.862463
1682.509722	13.900368
1683.509722	13.89732
1684.509722	13.898497
1685.509722	13.948675
1686.509722	13.931247
1687.509722	13.910297
1688.509722	13.954055
1689.509722	13.949327
1690.509722	13.981809
1691.509722	13.969524
1692.509722	13.91344
1693.509722	13.939028
1694.509722	13.994659
1695.509722	14.033862
1696.509722	14.004746
1697.509722	14.08971
1698.509722	13.923624
1699.509722	14.056332
1700.509722	14.078152
1701.509722	14.058116
1702.509722	13.999962
1703.509722	14.01251
1704.509722	14.061045
1705.509722	14.096228
1706.509722	14.139442
1707.509722	14.138976
1708.509722	14.153429
1709.509722	14.154905
1710.509722	14.143164
1711.509722	14.23785
1712.509722	14.21588
1713.509722	14.258419
1714.509722	14.278596
1715.509722	14.203748
1716.509722	14.238621
1717.509722	14.19161
1718.509722	14.255217
1719.509722	14.279573
1720.509722	14.229813
1721.509722	14.171376
1722.509722	14.315207
1723.509722	14.318953
1724.509722	14.326594
1725.509722	14.273798
1726.509722	14.281782
1727.509722	14.343113
1728.509722	14.370715
1729.509722	14.444026
1730.509722	14.425417
1731.509722	14.343893
1732.509722	14.338383
1733.509722	14.398344
1734.509722	14.462074
1735.509722	14.405823
1736.509722	14.432496
1737.509722	14.497627
1738.509722	14.550952
1739.509722	14.400774
1740.509722	14.435696
1741.509722	14.430824
1742.509722	14.521489
1743.509722	14.451037
1744.509722	14.541912
1745.509722	14.536814
1746.509722	14.61924
1747.509722	14.530786
1748.509722	14.509321
1749.509722	14.570029
1750.509722	14.612104
1751.509722	14.602139
1752.509722	14.628316
1753.509722	14.672396
1754.509722	14.575574
1755.509722	14.658042
1756.509722	14.72605
1757.509722	14.731038
1758.509722	14.617763
1759.509722	14.661073
1760.509722	14.709378
1761.509722	14.687023
1762.509722	14.746248
1763.509722	14.729087
1764.509722	14.717189
1765.509722	14.82506
1766.509722	14.760062
1767.509722	14.783353
1768.509722	14.724212
1769.509722	14.787202
1770.509722	14.730553
1771.509722	14.788402
1772.509722	14.852554
1773.509722	14.754912
1774.509722	14.804931
1775.509722	14.882432
1776.509722	14.87088
1777.509722	14.821752
1778.509722	14.763375
1779.509722	14.930942
1780.509722	14.904299
1781.509722	14.91427
1782.509722	14.92618
1783.509722	14.949923
1784.509722	14.855633
1785.509722	15.0367
1786.509722	15.014223
1787.509722	15.037933
1788.509722	14.9776
1789.509722	14.993726
1790.509722	14.998138
1791.509722	14.967681
1792.509722	15.051559
1793.509722	15.065867
1794.509722	15.060966
1795.509722	15.041859
1796.509722	15.09503
1797.509722	15.035683
1798.509722	15.147066
1799.509722	15.124682
1800.509722	15.094644
1801.509722	15.152197
1802.509722	15.136815
1803.509722	15.172133
1804.509722	15.196353
1805.509722	15.198423
1806.509722	15.234455
1807.509722	15.252626
1808.509722	15.273627
1809.509722	15.235482
1810.509722	15.1995
1811.509722	15.164779
1812.509722	15.14816
1813.509722	15.267183
1814.509722	15.300934
1815.509722	15.316283
1816.509722	15.29985
1817.509722	15.274489
1818.509722	15.26923
1819.509722	15.300689
1820.509722	15.343267
1821.509722	15.345923
1822.509722	15.368982
1823.509722	15.400753
1824.509722	15.336429
1825.509722	15.305048
1826.509722	15.428459
1827.509722	15.368181
1828.509722	15.349519
1829.509722	15.48337
1830.509722	15.536226
1831.509722	15.376263
1832.509722	15.468903
1833.509722	15.55066
1834.509722	15.449358
1835.509722	15.368517
1836.509722	15.37224
1837.509722	15.509986
1838.509722	15.561554
1839.509722	15.620819
1840.509722	15.586488
1841.509722	15.595878
1842.509722	15.588536
1843.509722	15.52827
1844.509722	15.594583
1845.509722	15.6336
1846.509722	15.518761
1847.509722	15.583381
1848.509722	15.598311
1849.509722	15.621665
1850.509722	15.662549
1851.509722	15.685146
1852.509722	15.70514
1853.509722	15.612643
1854.509722	15.738719
1855.509722	15.758956
1856.509722	15.630774
1857.509722	15.69311
1858.509722	15.69831
1859.509722	15.752736
1860.509722	15.649245
1861.509722	15.73723
1862.509722	15.822943
1863.509722	15.766239
1864.509722	15.760245
1865.509722	15.836439
1866.509722	15.803229
1867.509722	15.723035
1868.509722	15.872693
1869.509722	15.895639
1870.509722	15.821631
1871.509722	15.840297
1872.509722	15.845957
1873.509722	15.918001
1874.509722	15.943016
1875.509722	15.968711
1876.509722	15.952305
1877.509722	15.9806
1878.509722	16.03135
1879.509722	15.990185
1880.509722	15.978072
1881.509722	16.026511
1882.509722	16.047203
1883.509722	16.133018
1884.509722	16.021574
1885.509722	15.982858
1886.509722	16.064889
1887.509722	16.12517
1888.509722	16.141924
1889.509722	16.13853
1890.509722	16.119212
1891.509722	16.118112
1892.509722	16.126449
1893.509722	16.042011
1894.509722	16.05327
1895.509722	16.106021
1896.509722	16.15218
1897.509722	16.138092
1898.509722	16.14453
1899.509722	16.155851
1900.509722	16.213864
1901.509722	16.257315
1902.509722	16.232863
1903.509722	16.140717
1904.509722	16.184138
1905.509722	16.243167
1906.509722	16.296879
1907.509722	16.314422
1908.509722	16.301814
1909.509722	16.325293
1910.509722	16.245764
1911.509722	16.254131
1912.509722	16.293646
1913.509722	16.316938
1914.509722	16.37108
1915.509722	16.446376
1916.509722	16.463593
1917.509722	16.454762
1918.509722	16.347135
1919.509722	16.371573
1920.509722	16.466138
1921.509722	16.481817
1922.509722	16.438939
1923.509722	16.432473
1924.509722	16.511972
1925.509722	16.505063
1926.509722	16.420402
1927.509722	16.512485
1928.509722	16.511688
1929.509722	16.540465
1930.509722	16.605405
1931.509722	16.480153
1932.509722	16.51365
1933.509722	16.5225
1934.509722	16.590235
1935.509722	16.523579
1936.509722	16.508466
1937.509722	16.54983
1938.509722	16.658557
1939.509722	16.548992
1940.509722	16.574256
1941.509722	16.617673
1942.509722	16.668601
1943.509722	16.6732
1944.509722	16.709437
1945.509722	16.657905
1946.509722	16.691569
1947.509722	16.703214
1948.509722	16.734296
1949.509722	16.630946
1950.509722	16.685549
1951.509722	16.736206
1952.509722	16.763144
1953.509722	16.78579
1954.509722	16.777794
1955.509722	16.792809
1956.509722	16.764711
1957.509722	16.822272
1958.509722	16.807734
1959.509722	16.789786
1960.509722	16.885144
1961.509722	16.802083
1962.509722	16.928526
1963.509722	16.911858
1964.509722	16.874808
1965.509722	16.892952
1966.509722	16.943523
1967.509722	16.926392
1968.509722	16.99226
1969.509722	16.994952
1970.509722	17.013589
1971.509722	17.001519
1972.509722	17.028285
1973.509722	17.025834
1974.509722	16.887061
1975.509722	16.903181
1976.509722	17.086394
1977.509722	17.040142
1978.509722	17.000572
1979.509722	17.081808
1980.509722	17.074394
1981.509722	17.044063
1982.509722	17.085895
1983.509722	17.129369
1984.509722	17.152999
1985.509722	17.16023
1986.509722	17.138114
1987.509722	17.192392
1988.509722	17.206338
1989.509722	17.222902
1990.509722	17.216537
1991.509722	17.232758
1992.509722	17.215356
1993.509722	17.192969
1994.509722	17.228317
1995.509722	17.213266
1996.509722	17.306093
1997.509722	17.350622
1998.509722	17.345128
1999.509722	17.302776
2000.509722	17.332005
2001.509722	17.287807
2002.509722	17.353054
2003.509722	17.384513
2004.509722	17.319656
2005.509722	17.387575
2006.509722	17.349755
2007.509722	17.308534
2008.509722	17.385717
2009.509722	17.415109
2010.509722	17.401247
2011.509722	17.48758
2012.509722	17.493043
2013.509722	17.484029
2014.509722	17.463903
2015.509722	17.520184
2016.509722	17.534261
2017.509722	17.490122
2018.509722	17.589868
2019.509722	17.587134
2020.509722	17.534589
2021.509722	17.459174
2022.509722	17.477687
2023.509722	17.508082
2024.509722	17.544235
2025.509722	17.582253
2026.509722	17.567095
2027.509722	17.596874
2028.509722	17.538964
2029.509722	17.623432
2030.509722	17.571533
2031.509722	17.576113
2032.509722	17.626855
2033.509722	17.621893
2034.509722	17.589684
2035.509722	17.655172
2036.509722	17.703685
2037.509722	17.691953
2038.509722	17.706728
2039.509722	17.723535
2040.509722	17.749062
2041.509722	17.639733
2042.509722	17.716988
2043.509722	17.747866
2044.509722	17.757737
2045.509722	17.855652
2046.509722	17.834736
2047.509722	17.842603
2048.509722	17.850194
2049.509722	17.896765
2050.509722	17.916672
2051.509722	17.906926
2052.509722	17.791953
2053.509722	17.864591
2054.509722	17.957971
2055.509722	17.952561
2056.509722	17.859901
2057.509722	18.016569
2058.509722	17.955306
2059.509722	17.963503
2060.509722	18.007379
2061.509722	17.944656
2062.509722	17.992974
2063.509722	18.014762
2064.509722	17.926814
2065.509722	18.027875
2066.509722	17.967704
2067.509722	17.964976
2068.509722	18.074396
2069.509722	18.09399
2070.509722	17.944851
2071.509722	18.14744
2072.509722	18.093379
2073.509722	18.154544
2074.509722	18.069989
2075.509722	17.992006
2076.509722	18.031752
2077.509722	18.080079
2078.509722	18.140823
2079.509722	18.130619
2080.509722	18.136132
2081.509722	18.148671
2082.509722	18.139381
2083.509722	18.12464
2084.509722	18.168719
2085.509722	18.249986
2086.509722	18.175418
2087.509722	18.215093
2088.509722	18.244717
2089.509722	18.204344
2090.509722	18.273746
2091.509722	18.274101
2092.509722	18.295802
2093.509722	18.297438
2094.509722	18.325534
2095.509722	18.31625
2096.509722	18.274331
2097.509722	18.245825
2098.509722	18.290291
2099.509722	18.322303
2100.509722	18.32237
2101.509722	18.368073
2102.509722	18.400029
2103.509722	18.398971
2104.509722	18.40825
2105.509722	18.425278
2106.509722	18.439704
2107.509722	18.443443
2108.509722	18.473621
2109.509722	18.460523
2110.509722	18.507947
2111.509722	18.518873
2112.509722	18.518493
2113.509722	18.590806
2114.509722	18.592355
2115.509722	18.58028
2116.509722	18.555942
2117.509722	18.584317
2118.509722	18.616958
2119.509722	18.643908
2120.509722	18.652752
2121.509722	18.673855
2122.509722	18.536896
2123.509722	18.615511
2124.509722	18.542662
2125.509722	18.580035
2126.509722	18.608269
2127.509722	18.67563
2128.509722	18.686667
2129.509722	18.720249
2130.509722	18.667771
2131.509722	18.648492
2132.509722	18.640051
2133.509722	18.664866
2134.509722	18.700324
2135.509722	18.735264
2136.509722	18.807241
2137.509722	18.827087
2138.509722	18.682852
2139.509722	18.756159
2140.509722	18.803467
2141.509722	18.87519
2142.509722	18.886576
2143.509722	18.874331
2144.509722	18.90513
2145.509722	18.921814
2146.509722	18.803359
2147.509722	18.929219
2148.509722	18.968859
2149.509722	18.933279
2150.509722	18.978844
2151.509722	18.960252
2152.509722	18.858886
2153.509722	18.969843
2154.509722	19.034041
2155.509722	18.923318
2156.509722	19.029342
2157.509722	18.95365
2158.509722	19.020669
2159.509722	19.066366
2160.509722	19.037808
2161.509722	19.023533
2162.509722	19.09397
2163.509722	19.003134
2164.509722	19.027343
2165.509722	19.102796
2166.509722	19.069807
2167.509722	19.099674
2168.509722	19.135762
2169.509722	19.167789
2170.509722	19.179826
2171.509722	19.159115
2172.509722	19.106615
2173.509722	19.135073
2174.509722	19.220505
2175.509722	19.265859
2176.509722	19.135353
2177.509722	19.245639
2178.509722	19.196615
2179.509722	19.220465
2180.509722	19.26661
2181.509722	19.240371
2182.509722	19.259944
2183.509722	19.292362
2184.509722	19.338152
2185.509722	19.278825
2186.509722	19.30825
2187.509722	19.424678
2188.509722	19.400893
2189.509722	19.295416
2190.509722	19.327188
2191.509722	19.401854
2192.509722	19.413788
2193.509722	19.43299
2194.509722	19.431996
2195.509722	19.493782
2196.509722	19.481464
2197.509722	19.488539
2198.509722	19.408792
2199.509722	19.405204
2200.509722	19.482501
2201.509722	19.50363
2202.509722	19.517876
2203.509722	19.544893
2204.509722	19.535495
2205.509722	19.560291
2206.509722	19.526471
2207.509722	19.560668
2208.509722	19.642841
2209.509722	19.644505
2210.509722	19.660971
2211.509722	19.654389
2212.509722	19.502915
2213.509722	19.537689
2214.509722	19.663881
2215.509722	19.692749
2216.509722	19.652527
2217.509722	19.738478
2218.509722	19.714427
2219.509722	19.743705
2220.509722	19.671864
2221.509722	19.663708
2222.509722	19.686572
2223.509722	19.694512
2224.509722	19.764041
2225.509722	19.737897
2226.509722	19.667234
2227.509722	19.825682
2228.509722	19.782475
2229.509722	19.806752
2230.509722	19.850933
2231.509722	19.81304
2232.509722	19.836858
2233.509722	19.846048
2234.509722	19.817
2235.509722	19.860069
2236.509722	19.905198
2237.509722	19.933044
2238.509722	19.840493
2239.509722	19.942884
2240.509722	19.95916
2241.509722	19.908516
2242.509722	19.978211
2243.509722	19.988369
2244.509722	19.977847
2245.509722	19.984945
2246.509722	20.033282
2247.509722	20.065434
2248.509722	20.0394
2249.509722	20.010023
2250.509722	20.058311
2251.509722	20.057221
2252.509722	20.100085
2253.509722	20.091286
2254.509722	20.094561
2255.509722	20.120747
2256.509722	20.139512
2257.509722	20.19044
2258.509722	20.187912
2259.509722	20.140853
2260.509722	20.127314
2261.509722	20.197685
2262.509722	20.217745
2263.509722	20.19313
2264.509722	20.237712
2265.509722	20.23023
2266.509722	20.200908
2267.509722	20.296524
2268.509722	20.324305
2269.509722	20.201463
2270.509722	20.222682
2271.509722	20.330583
2272.509722	20.284234
2273.509722	20.285869
2274.509722	20.319877
2275.509722	20.364025
2276.509722	20.33104
2277.509722	20.372982
2278.509722	20.365002
2279.509722	20.399906
2280.509722	20.405051
2281.509722	20.344936
2282.509722	20.363669
2283.509722	20.474738
2284.509722	20.365305
2285.509722	20.433304
2286.509722	20.463702
2287.509722	20.380645
2288.509722	20.452755
2289.509722	20.450709
2290.509722	20.531636
2291.509722	20.51392
2292.509722	20.512981
2293.509722	20.497807
2294.509722	20.471424
2295.509722	20.539746
2296.509722	20.613434
2297.509722	20.615918
2298.509722	20.657169
2299.509722	20.653295
2300.509722	20.685419
2301.509722	20.592898
2302.509722	20.543394
2303.509722	20.586983
2304.509722	20.591564
2305.509722	20.685106
2306.509722	20.657622
2307.509722	20.593472
2308.509722	20.627643
2309.509722	20.679796
2310.509722	20.666219
2311.509722	20.641325
2312.509722	20.671345
2313.509722	20.704266
2314.509722	20.728504
2315.509722	20.794461
2316.509722	20.848545
2317.509722	20.848477
2318.509722	20.872121
2319.509722	20.881949
2320.509722	20.841991
2321.509722	20.893002
2322.509722	20.880855
2323.509722	20.885845
2324.509722	20.926683
2325.509722	20.923103
2326.509722	20.953659
2327.509722	20.967632
2328.509722	20.983594
2329.509722	20.985215
2330.509722	20.964794
2331.509722	21.010536
2332.509722	21.039174
2333.509722	21.024665
2334.509722	21.012772
2335.509722	20.895801
2336.509722	20.941623
2337.509722	20.97623
2338.509722	21.005017
2339.509722	21.046594
2340.509722	20.995634
2341.509722	20.956908
2342.509722	20.982192
2343.509722	21.058058
2344.509722	21.058556
2345.509722	21.080464
2346.509722	21.09764
2347.509722	21.097855
2348.509722	21.121767
2349.509722	21.146591
2350.509722	21.169577
2351.509722	21.182896
2352.509722	21.209284
2353.509722	21.209329
2354.509722	21.240407
2355.509722	21.211905
2356.509722	21.235752
2357.509722	21.216742
2358.509722	21.276569
2359.509722	21.269559
2360.509722	21.284838
2361.509722	21.266057
2362.509722	21.325398
2363.509722	21.330281
2364.509722	21.338703
2365.509722	21.348272
2366.509722	21.373297
2367.509722	21.376454
2368.509722	21.384489
2369.509722	21.387953
2370.509722	21.396259
2371.509722	21.412538
2372.509722	21.402128
2373.509722	21.431807
2374.509722	21.419711
2375.509722	21.434702
2376.509722	21.452153
2377.509722	21.467259
2378.509722	21.47566
2379.509722	21.493434
2380.509722	21.514721
2381.509722	21.531653
2382.509722	21.537756
2383.509722	21.461688
2384.509722	21.435353
2385.509722	21.45048
2386.509722	21.466934
2387.509722	21.590177
2388.509722	21.513957
2389.509722	21.512632
2390.509722	21.55024
2391.509722	21.574048
2392.509722	21.587505
2393.509722	21.666576
2394.509722	21.690453
2395.509722	21.688637
2396.509722	21.636132
2397.509722	21.652374
2398.509722	21.697148
2399.509722	21.711595
2400.509722	21.597809
2401.509722	21.769028
2402.509722	21.736154
2403.509722	21.758885
2404.509722	21.777467
2405.509722	21.79612
2406.509722	21.80772
2407.509722	21.823348
2408.509722	21.822608
2409.509722	21.833817
2410.509722	21.823029
2411.509722	21.861487
2412.509722	21.876313
2413.509722	21.913392
2414.509722	21.920239
2415.509722	21.953399
2416.509722	21.855188
2417.509722	21.925416
2418.509722	21.899314
2419.509722	21.929501
2420.509722	21.962061
2421.509722	21.988273
2422.509722	21.9073
2423.509722	21.952533
2424.509722	21.969945
2425.509722	21.997399
2426.509722	21.943991
2427.509722	21.952096
2428.509722	21.999086
2429.509722	21.98553
2430.509722	22.083716
2431.509722	22.026011
2432.509722	21.99666
2433.509722	22.077889
2434.509722	22.049689
2435.509722	22.079122
2436.509722	22.07961
2437.509722	22.068606
2438.509722	22.179498
2439.509722	22.162855
2440.509722	22.229958
2441.509722	22.16735
2442.509722	22.118166
2443.509722	22.081369
2444.509722	22.105276
2445.509722	22.19095
2446.509722	22.20493
2447.509722	22.238604
2448.509722	22.249035
2449.509722	22.268271
2450.509722	22.282274
2451.509722	22.326335
2452.509722	22.330488
2453.509722	22.274084
2454.509722	22.309564
2455.509722	22.308966
2456.509722	22.286647
2457.509722	22.346441
2458.509722	22.36099
2459.509722	22.359023
2460.509722	22.337352
2461.509722	22.361468
2462.509722	22.420311
2463.509722	22.434183
2464.509722	22.438204
2465.509722	22.446356
2466.509722	22.481504
2467.509722	22.465738
2468.509722	22.488986
2469.509722	22.508619
2470.509722	22.535248
2471.509722	22.53275
2472.509722	22.549743
2473.509722	22.538355
2474.509722	22.542131
2475.509722	22.575069
2476.509722	22.587523
2477.509722	22.578112
2478.509722	22.571246
2479.509722	22.538396
2480.509722	22.55935
2481.509722	22.603753
2482.509722	22.587242
2483.509722	22.624166
2484.509722	22.654911
2485.509722	22.697752
2486.509722	22.694116
2487.509722	22.682995
2488.509722	22.692186
2489.509722	22.7071
2490.509722	22.719699
2491.509722	22.728718
2492.509722	22.726239
2493.509722	22.776353
2494.509722	22.802087
2495.509722	22.819641
2496.509722	22.822499
2497.509722	22.797167
2498.509722	22.769239
2499.509722	22.800669
2500.509722	22.766506
2501.509722	22.799696
2502.509722	22.812852
2503.509722	22.843401
2504.509722	22.858776
2505.509722	22.822998
2506.509722	22.870514
2507.509722	22.867303
2508.509722	22.878049
2509.509722	22.873157
2510.509722	22.932112
2511.509722	22.924911
2512.509722	22.930782
2513.509722	22.878992
2514.509722	22.942046
2515.509722	22.976162
2516.509722	22.991218
2517.509722	22.98706
2518.509722	23.037302
2519.509722	23.012274
2520.509722	23.020129
2521.509722	23.001412
2522.509722	23.027144
2523.509722	23.080369
2524.509722	23.089076
2525.509722	23.03363
2526.509722	23.139147
2527.509722	23.159142
2528.509722	23.131006
2529.509722	23.197122
2530.509722	23.079919
2531.509722	23.054462
2532.509722	23.087419
2533.509722	23.116601
2534.509722	23.159283
2535.509722	23.16699
2536.509722	23.193343
2537.509722	23.210545
2538.509722	23.219763
2539.509722	23.223869
2540.509722	23.187634
2541.509722	23.212006
2542.509722	23.245353
2543.509722	23.275026
2544.509722	23.285366
2545.509722	23.268228
2546.509722	23.270305
2547.509722	23.291218
2548.509722	23.282544
2549.509722	23.314469
2550.509722	23.319748
2551.509722	23.333282
2552.509722	23.405708
2553.509722	23.4155
2554.509722	23.436058
2555.509722	23.44346
2556.509722	23.443873
2557.509722	23.484849
2558.509722	23.501306
2559.509722	23.463534
2560.509722	23.45093
2561.509722	23.512776
2562.509722	23.518607
2563.509722	23.501769
2564.509722	23.496836
2565.509722	23.467384
2566.509722	23.540885
2567.509722	23.597668
2568.509722	23.599109
2569.509722	23.61481
2570.509722	23.627872
2571.509722	23.635115
2572.509722	23.581946
2573.509722	23.570187
2574.509722	23.624069
2575.509722	23.610695
2576.509722	23.635627
2577.509722	23.644626
2578.509722	23.657458
2579.509722	23.67704
2580.509722	23.66314
2581.509722	23.651647
2582.509722	23.722558
2583.509722	23.757617
2584.509722	23.741111
2585.509722	23.692309
2586.509722	23.706533
2587.509722	23.772341
2588.509722	23.768916
2589.509722	23.79189
2590.509722	23.800033
2591.509722	23.807992
2592.509722	23.852584
2593.509722	23.773057
2594.509722	23.829927
2595.509722	23.813856
2596.509722	23.833103
2597.509722	23.814561
2598.509722	23.859453
2599.509722	23.906884
2600.509722	23.901092
2601.509722	23.869618
2602.509722	23.901564
2603.509722	23.912184
2604.509722	23.942021
2605.509722	23.979607
2606.509722	23.925451
2607.509722	24.039475
2608.509722	24.03087
2609.509722	24.054408
2610.509722	24.102055
2611.509722	24.067386
2612.509722	24.105626
2613.509722	24.103413
2614.509722	24.083154
2615.509722	24.074499
2616.509722	24.138716
2617.509722	24.122661
2618.509722	24.168992
2619.509722	24.179623
2620.509722	24.153722
2621.509722	24.185332
2622.509722	24.155432
2623.509722	24.146821
2624.509722	24.224115
2625.509722	24.234164
2626.509722	24.257254
2627.509722	24.202286
2628.509722	24.209853
2629.509722	24.22824
2630.509722	24.221932
2631.509722	24.272035
2632.509722	24.269996
2633.509722	24.216145
2634.509722	24.300701
2635.509722	24.365571
2636.509722	24.342508
2637.509722	24.245915
2638.509722	24.304977
2639.509722	24.343944
2640.509722	24.332183
2641.509722	24.317721
2642.509722	24.352309
2643.509722	24.368935
2644.509722	24.378802
2645.509722	24.407876
2646.509722	24.415727
2647.509722	24.419615
2648.509722	24.437749
2649.509722	24.454628
2650.509722	24.439094
2651.509722	24.492173
2652.509722	24.537903
2653.509722	24.537669
2654.509722	24.565883
2655.509722	24.565532
2656.509722	24.527392
2657.509722	24.592516
2658.509722	24.622467
2659.509722	24.604895
2660.509722	24.605853
2661.509722	24.609989
2662.509722	24.637548
2663.509722	24.664414
2664.509722	24.663231
2665.509722	24.587087
2666.509722	24.61731
2667.509722	24.639111
2668.509722	24.659523
2669.509722	24.680999
2670.509722	24.727033
2671.509722	24.688436
2672.509722	24.716933
2673.509722	24.737568
2674.509722	24.757731
2675.509722	24.707569
2676.509722	24.737277
2677.509722	24.790036
2678.509722	24.814901
2679.509722	24.817261
2680.509722	24.853043
2681.509722	24.851717
2682.509722	24.79904
2683.509722	24.786647
2684.509722	24.843156
2685.509722	24.863642
2686.509722	24.822767
2687.509722	24.811246
2688.509722	24.851639
2689.509722	24.895949
2690.509722	24.947223
2691.509722	24.906928
2692.509722	24.858912
2693.509722	24.863831
2694.509722	24.895242
2695.509722	24.942279
2696.509722	24.954475
2697.509722	24.966348
2698.509722	24.970999
2699.509722	24.97048
2700.509722	25.022875
2701.509722	24.989818
2702.509722	25.011372
2703.509722	25.063827
2704.509722	25.064989
2705.509722	25.084575
2706.509722	25.099191
2707.509722	25.118426
2708.509722	25.139783
2709.509722	25.104908
2710.509722	25.131412
2711.509722	25.069102
2712.509722	25.160687
2713.509722	25.211432
2714.509722	25.213355
2715.509722	25.223052
2716.509722	25.238375
2717.509722	25.258495
2718.509722	25.2304
2719.509722	25.204809
2720.509722	25.189668
2721.509722	25.235817
2722.509722	25.304562
2723.509722	25.346613
2724.509722	25.331995
2725.509722	25.297204
2726.509722	25.250158
2727.509722	25.295552
2728.509722	25.343411
2729.509722	25.322029
2730.509722	25.345416
2731.509722	25.389174
2732.509722	25.396007
2733.509722	25.4029
2734.509722	25.426611
2735.509722	25.357296
2736.509722	25.389628
2737.509722	25.466695
2738.509722	25.433642
2739.509722	25.491738
2740.509722	25.511409
2741.509722	25.52928
2742.509722	25.484877
2743.509722	25.422615
2744.509722	25.508314
2745.509722	25.523079
2746.509722	25.538446
2747.509722	25.55068
2748.509722	25.591703
2749.509722	25.620223
2750.509722	25.630316
2751.509722	25.643287
2752.509722	25.651958
2753.509722	25.652931
2754.509722	25.679714
2755.509722	25.685024
2756.509722	25.639784
2757.509722	25.66998
2758.509722	25.710667
2759.509722	25.685944
2760.509722	25.62714
2761.509722	25.679022
2762.509722	25.724747
2763.509722	25.7179
2764.509722	25.721955
2765.509722	25.73179
2766.509722	25.713632
2767.509722	25.725072
2768.509722	25.777652
2769.509722	25.782403
2770.509722	25.792232
2771.509722	25.815463
2772.509722	25.790637
2773.509722	25.745912
2774.509722	25.898786
2775.509722	25.820402
2776.509722	25.863776
2777.509722	25.921674
2778.509722	25.948163
2779.509722	25.873259
2780.509722	25.857347
2781.509722	25.919009
2782.509722	25.924711
2783.509722	25.919238
2784.509722	25.970126
2785.509722	25.979753
2786.509722	25.926717
2787.509722	25.939134
2788.509722	26.006163
2789.509722	26.034129
2790.509722	25.988982
2791.509722	25.995834
2792.509722	26.008265
2793.509722	26.019548
2794.509722	26.063307
2795.509722	26.054264
2796.509722	26.086575
2797.509722	26.136081
2798.509722	26.113368
2799.509722	26.082537
2800.509722	26.053307
2801.509722	26.092871
2802.509722	26.121482
2803.509722	26.133366
2804.509722	26.150303
2805.509722	26.173971
2806.509722	26.183957
2807.509722	26.156864
2808.509722	26.191268
2809.509722	26.216109
2810.509722	26.214171
2811.509722	26.228733
2812.509722	26.244116
2813.509722	26.287656
2814.509722	26.297233
2815.509722	26.262584
2816.509722	26.273408
2817.509722	26.332173
2818.509722	26.354414
2819.509722	26.370248
2820.509722	26.384849
2821.509722	26.381383
2822.509722	26.35533
2823.509722	26.406707
2824.509722	26.398801
2825.509722	26.413152
2826.509722	26.420038
2827.509722	26.470199
2828.509722	26.42407
2829.509722	26.407641
2830.509722	26.413881
2831.509722	26.456156
2832.509722	26.489623
2833.509722	26.498057
2834.509722	26.490455
2835.509722	26.512798
2836.509722	26.551809
2837.509722	26.566095
2838.509722	26.561991
2839.509722	26.603512
2840.509722	26.608478
2841.509722	26.587046
2842.509722	26.627832
2843.509722	26.628288
2844.509722	26.608538
2845.509722	26.625816
2846.509722	26.641207
2847.509722	26.662759
2848.509722	26.635647
2849.509722	26.640133
2850.509722	26.649251
2851.509722	26.72846
2852.509722	26.769887
2853.509722	26.755288
2854.509722	26.753758
2855.509722	26.676058
2856.509722	26.638856
2857.509722	26.75251
2858.509722	26.778646
2859.509722	26.780214
2860.509722	26.840634
2861.509722	26.890873
2862.509722	26.884266
2863.509722	26.880811
2864.509722	26.914296
2865.509722	26.942155
2866.509722	26.941323
2867.509722	26.856751
2868.509722	26.890388
2869.509722	26.859096
2870.509722	26.942476
2871.509722	26.877013
2872.509722	26.887224
2873.509722	26.904548
2874.509722	26.955548
2875.509722	26.97592
2876.509722	26.983851
2877.509722	27.000112
2878.509722	27.010214
2879.509722	27.034064
2880.509722	27.045109
2881.509722	27.053176
2882.509722	27.082836
2883.509722	27.076344
2884.509722	27.12208
2885.509722	27.110282
2886.509722	27.049642
2887.509722	27.052381
2888.509722	27.094413
2889.509722	27.124416
2890.509722	27.131455
2891.509722	27.14433
2892.509722	27.158505
2893.509722	27.18317
2894.509722	27.193925
2895.509722	27.226374
2896.509722	27.261416
2897.509722	27.193648
2898.509722	27.190643
2899.509722	27.209418
2900.509722	27.194889
2901.509722	27.224153
2902.509722	27.265922
2903.509722	27.276615
2904.509722	27.295639
2905.509722	27.300112
2906.509722	27.328682
2907.509722	27.313653
2908.509722	27.291924
2909.509722	27.321681
2910.509722	27.3547
2911.509722	27.375677
2912.509722	27.384986
2913.509722	27.378338
2914.509722	27.405899
2915.509722	27.418936
2916.509722	27.428438
2917.509722	27.443473
2918.509722	27.449968
2919.509722	27.458695
2920.509722	27.495136
2921.509722	27.511259
2922.509722	27.433476
2923.509722	27.445393
2924.509722	27.443379
2925.509722	27.484634
2926.509722	27.543819
2927.509722	27.569043
2928.509722	27.577249
2929.509722	27.521847
2930.509722	27.515361
2931.509722	27.570997
2932.509722	27.550567
2933.509722	27.606963
2934.509722	27.621092
2935.509722	27.591343
2936.509722	27.602414
2937.509722	27.619844
2938.509722	27.648745
2939.509722	27.681561
2940.509722	27.693405
2941.509722	27.707278
2942.509722	27.726834
2943.509722	27.747513
2944.509722	27.795653
2945.509722	27.735562
2946.509722	27.721232
2947.509722	27.728346
2948.509722	27.777022
2949.509722	27.792283
2950.509722	27.792524
2951.509722	27.811227
2952.509722	27.815439
2953.509722	27.752494
2954.509722	27.804655
2955.509722	27.847411
2956.509722	27.823483
2957.509722	27.856427
2958.509722	27.867467
2959.509722	27.906245
2960.509722	27.896812
2961.509722	27.875786
2962.509722	27.904052
2963.509722	27.927179
2964.509722	27.945878
2965.509722	27.858508
2966.509722	27.895136
2967.509722	27.942734
2968.509722	27.971027
2969.509722	27.981626
2970.509722	27.997701
2971.509722	28.012187
2972.509722	28.017708
2973.509722	28.027045
2974.509722	28.026641
2975.509722	28.040208
2976.509722	28.053296
2977.509722	28.02379
2978.509722	27.948367
2979.509722	28.048775
2980.509722	28.074507
2981.509722	28.062164
2982.509722	28.097015
2983.509722	28.108137
2984.509722	28.118717
2985.509722	28.125111
2986.509722	28.130323
2987.509722	28.147222
2988.509722	28.159115
2989.509722	28.159789
2990.509722	28.189531
2991.509722	28.199545
2992.509722	28.210981
2993.509722	28.205694
2994.509722	28.202479
2995.509722	28.218621
2996.509722	28.24175
2997.509722	28.177151
2998.509722	28.269057
2999.509722	28.280244
3000.509722	28.263246
3001.509722	28.365396
3002.509722	28.386753
3003.509722	28.395971
3004.509722	28.385929
3005.509722	28.412373
3006.509722	28.410988
3007.509722	28.414756
3008.509722	28.407811
3009.509722	28.415759
3010.509722	28.357254
3011.509722	28.404634
3012.509722	28.44512
3013.509722	28.480064
3014.509722	28.491821
3015.509722	28.523745
3016.509722	28.528667
3017.509722	28.555095
3018.509722	28.552674
3019.509722	28.550012
3020.509722	28.548412
3021.509722	28.616334
3022.509722	28.633344
3023.509722	28.597318
3024.509722	28.569896
3025.509722	28.555188
3026.509722	28.58474
3027.509722	28.633252
3028.509722	28.642654
3029.509722	28.675789
3030.509722	28.649488
3031.509722	28.682153
3032.509722	28.676964
3033.509722	28.694363
3034.509722	28.7272
3035.509722	28.713651
3036.509722	28.695682
3037.509722	28.717721
3038.509722	28.760715
3039.509722	28.781703
3040.509722	28.75443
3041.509722	28.753937
3042.509722	28.806353
3043.509722	28.81059
3044.509722	28.793951
3045.509722	28.818115
3046.509722	28.81181
3047.509722	28.837606
3048.509722	28.839857
3049.509722	28.879709
3050.509722	28.865115
3051.509722	28.86682
3052.509722	28.905383
3053.509722	28.882628
3054.509722	28.902467
3055.509722	28.936934
3056.509722	28.930361
3057.509722	28.959641
3058.509722	28.972975
3059.509722	28.949531
3060.509722	28.975159
3061.509722	28.983744
3062.509722	29.001847
3063.509722	28.99349
3064.509722	29.005225
3065.509722	29.013187
3066.509722	29.037369
3067.509722	29.034358
3068.509722	29.060452
3069.509722	29.08689
3070.509722	29.068167
3071.509722	29.078208
3072.509722	29.100053
3073.509722	29.125244
3074.509722	29.118797
3075.509722	29.109325
3076.509722	29.175662
3077.509722	29.157593
3078.509722	29.15534
3079.509722	29.200484
3080.509722	29.212659
3081.509722	29.232031
3082.509722	29.238001
3083.509722	29.2946
3084.509722	29.315659
3085.509722	29.32624
3086.509722	29.247024
3087.509722	29.243116
3088.509722	29.299003
3089.509722	29.302361
3090.509722	29.320597
3091.509722	29.346957
3092.509722	29.369571
3093.509722	29.391477
3094.509722	29.38878
3095.509722	29.397675
3096.509722	29.375812
3097.509722	29.425928
3098.509722	29.429519
3099.509722	29.41843
3100.509722	29.440798
3101.509722	29.454677
3102.509722	29.470407
3103.509722	29.477724
3104.509722	29.446914
3105.509722	29.388601
3106.509722	29.424002
3107.509722	29.463609
3108.509722	29.499179
3109.509722	29.51982
3110.509722	29.516857
3111.509722	29.532001
3112.509722	29.554368
3113.509722	29.572072
3114.509722	29.553859
3115.509722	29.62126
3116.509722	29.648695
3117.509722	29.652196
3118.509722	29.680499
3119.509722	29.655711
3120.509722	29.631184
3121.509722	29.657404
3122.509722	29.704219
3123.509722	29.721934
3124.509722	29.728015
3125.509722	29.732884
3126.509722	29.77969
3127.509722	29.778829
3128.509722	29.685234
3129.509722	29.7108
3130.509722	29.730627
3131.509722	29.780166
3132.509722	29.825607
3133.509722	29.832519
3134.509722	29.805673
3135.509722	29.833705
3136.509722	29.85182
3137.509722	29.802722
3138.509722	29.823473
3139.509722	29.905159
3140.509722	29.934744
3141.509722	29.92826
3142.509722	29.944108
3143.509722	29.892241
3144.509722	29.900139
3145.509722	29.895479
3146.509722	29.94578
3147.509722	29.979547
3148.509722	29.985022
3149.509722	29.922522
3150.509722	29.947359
3151.509722	29.954429
3152.509722	29.986589
3153.509722	30.001229
3154.509722	29.995713
3155.509722	29.992282
3156.509722	30.03644
3157.509722	30.054177
3158.509722	30.08276
3159.509722	30.112098
3160.509722	30.113319
3161.509722	30.141827
3162.509722	30.13886
3163.509722	30.164257
3164.509722	30.154404
3165.509722	30.145979
3166.509722	30.150485
3167.509722	30.12212
3168.509722	30.151484
3169.509722	30.175206
3170.509722	30.180815
3171.509722	30.201692
3172.509722	30.219638
3173.509722	30.197444
3174.509722	30.230307
3175.509722	30.221972
3176.509722	30.226796
3177.509722	30.235143
3178.509722	30.262266
3179.509722	30.282423
3180.509722	30.298947
3181.509722	30.298928
3182.509722	30.326828
3183.509722	30.358358
3184.509722	30.361257
3185.509722	30.358736
3186.509722	30.34522
3187.509722	30.352408
3188.509722	30.368129
3189.509722	30.404685
3190.509722	30.428081
3191.509722	30.451601
3192.509722	30.523657
3193.509722	30.526233
3194.509722	30.530976
3195.509722	30.49861
3196.509722	30.450011
3197.509722	30.484462
3198.509722	30.540626
3199.509722	30.515857
3200.509722	30.527013
3201.509722	30.532891
3202.509722	30.551958
3203.509722	30.577444
3204.509722	30.641263
3205.509722	30.653989
3206.509722	30.652446
3207.509722	30.667895
3208.509722	30.702906
3209.509722	30.654693
3210.509722	30.618745
3211.509722	30.653855
3212.509722	30.669152
3213.509722	30.714505
3214.509722	30.701684
3215.509722	30.711699
3216.509722	30.740387
3217.509722	30.758047
3218.509722	30.744767
3219.509722	30.673046
3220.509722	30.732257
3221.509722	30.717071
3222.509722	30.812628
3223.509722	30.811711
3224.509722	30.833864
3225.509722	30.852684
3226.509722	30.831534
3227.509722	30.852616
3228.509722	30.840289
3229.509722	30.877565
3230.509722	30.799916
3231.509722	30.794215
3232.509722	30.834565
3233.509722	30.873164
3234.509722	30.90609
3235.509722	30.909851
3236.509722	30.961526
3237.509722	30.956995
3238.509722	30.938136
3239.509722	30.980392
3240.509722	31.026453
3241.509722	31.048271
3242.509722	30.954019
3243.509722	31.016267
3244.509722	31.028346
3245.509722	31.006986
3246.509722	31.04252
3247.509722	31.051197
3248.509722	31.038341
3249.509722	31.062304
3250.509722	31.100832
3251.509722	31.074468
3252.509722	31.147342
3253.509722	31.153425
3254.509722	31.083066
3255.509722	31.123253
3256.509722	31.16743
3257.509722	31.186809
3258.509722	31.180831
3259.509722	31.202355
3260.509722	31.196574
3261.509722	31.183615
3262.509722	31.201528
3263.509722	31.224683
3264.509722	31.239659
3265.509722	31.205806
3266.509722	31.224834
3267.509722	31.215834
3268.509722	31.237064
3269.509722	31.224083
3270.509722	31.228023
3271.509722	31.278951
3272.509722	31.28067
3273.509722	31.29827
3274.509722	31.289498
3275.509722	31.325405
3276.509722	31.305559
3277.509722	31.322929
3278.509722	31.380231
3279.509722	31.42171
3280.509722	31.368923
3281.509722	31.416406
3282.509722	31.403794
3283.509722	31.414395
3284.509722	31.457024
3285.509722	31.451674
3286.509722	31.433415
3287.509722	31.445629
3288.509722	31.473392
3289.509722	31.417233
3290.509722	31.411127
3291.509722	31.489941
3292.509722	31.500544
3293.509722	31.530103
3294.509722	31.542066
3295.509722	31.556883
3296.509722	31.555787
3297.509722	31.560966
3298.509722	31.512087
3299.509722	31.572062
3300.509722	31.596773
3301.509722	31.609745
3302.509722	31.630688
3303.509722	31.685718
3304.509722	31.696835
3305.509722	31.631412
3306.509722	31.62827
3307.509722	31.68607
3308.509722	31.69905
3309.509722	31.719735
3310.509722	31.699111
3311.509722	31.723524
3312.509722	31.729073
3313.509722	31.760116
3314.509722	31.76566
3315.509722	31.803903
3316.509722	31.80756
3317.509722	31.81938
3318.509722	31.827915
3319.509722	31.899399
3320.509722	31.93682
3321.509722	31.960081
3322.509722	31.912995
3323.509722	31.892633
3324.509722	31.925551
3325.509722	31.924934
3326.509722	31.926314
3327.509722	31.957574
3328.509722	31.980097
3329.509722	31.922357
3330.509722	31.945874
3331.509722	31.994457
3332.509722	31.998303
3333.509722	31.991114
3334.509722	31.98118
3335.509722	31.982828
3336.509722	32.043158
3337.509722	32.055687
3338.509722	32.087924
3339.509722	31.979194
3340.509722	31.994506
3341.509722	32.004434
3342.509722	32.047708
3343.509722	32.014082
3344.509722	32.058971
3345.509722	32.093497
3346.509722	32.087515
3347.509722	32.083515
3348.509722	32.113819
3349.509722	32.149597
3350.509722	32.130341
3351.509722	32.107587
3352.509722	32.158723
3353.509722	32.179001
3354.509722	32.208502
3355.509722	32.209039
3356.509722	32.216837
3357.509722	32.207201
3358.509722	32.231975
3359.509722	32.242605
3360.509722	32.25613
3361.509722	32.270228
3362.509722	32.290091
3363.509722	32.279037
3364.509722	32.30147
3365.509722	32.312995
3366.509722	32.326987
3367.509722	32.340157
3368.509722	32.355805
3369.509722	32.366093
3370.509722	32.357474
3371.509722	32.386257
3372.509722	32.404097
3373.509722	32.378537
3374.509722	32.398738
3375.509722	32.419083
3376.509722	32.449614
3377.509722	32.43189
3378.509722	32.437196
3379.509722	32.428632
3380.509722	32.484568
3381.509722	32.499481
3382.509722	32.489705
3383.509722	32.451599
3384.509722	32.478828
3385.509722	32.535391
3386.509722	32.546778
3387.509722	32.558648
3388.509722	32.565578
3389.509722	32.541344
3390.509722	32.50751
3391.509722	32.500316
3392.509722	32.540415
3393.509722	32.577273
3394.509722	32.610083
3395.509722	32.635036
3396.509722	32.649953
3397.509722	32.65486
3398.509722	32.675362
3399.509722	32.678374
3400.509722	32.737664
3401.509722	32.679706
3402.509722	32.664216
3403.509722	32.680295
3404.509722	32.743123
3405.509722	32.758604
3406.509722	32.765801
3407.509722	32.767246
3408.509722	32.771491
3409.509722	32.793271
3410.509722	32.787637
3411.509722	32.816566
3412.509722	32.832734
3413.509722	32.82876
3414.509722	32.838636
3415.509722	32.854235
3416.509722	32.848472
3417.509722	32.867472
3418.509722	32.842357
3419.509722	32.800246
3420.509722	32.864701
3421.509722	32.908111
3422.509722	32.943923
3423.509722	32.987199
3424.509722	32.998852
3425.509722	32.964926
3426.509722	32.983794
3427.509722	32.999147
3428.509722	33.001349
3429.509722	33.020589
3430.509722	32.994165
3431.509722	33.006267
3432.509722	33.03413
3433.509722	33.074829
3434.509722	33.035785
3435.509722	33.032685
3436.509722	33.048879
3437.509722	33.11393
3438.509722	33.12998
3439.509722	33.136374
3440.509722	33.148356
3441.509722	33.143183
3442.509722	33.152488
3443.509722	33.168577
3444.509722	33.192128
3445.509722	33.209326
3446.509722	33.192274
3447.509722	33.194948
3448.509722	33.24928
3449.509722	33.257813
3450.509722	33.234311
3451.509722	33.250629
3452.509722	33.251394
3453.509722	33.251456
3454.509722	33.232711
3455.509722	33.299476
3456.509722	33.295304
3457.509722	33.239554
3458.509722	33.31969
3459.509722	33.347372
3460.509722	33.331472
3461.509722	33.308702
3462.509722	33.311167
3463.509722	33.347953
3464.509722	33.364155
3465.509722	33.371626
3466.509722	33.370822
3467.509722	33.420544
3468.509722	33.408442
3469.509722	33.402809
3470.509722	33.379881
3471.509722	33.433395
3472.509722	33.441372
3473.509722	33.44098
3474.509722	33.447604
3475.509722	33.440193
3476.509722	33.481659
3477.509722	33.517807
3478.509722	33.503501
3479.509722	33.510715
3480.509722	33.552174
3481.509722	33.564122
3482.509722	33.489475
3483.509722	33.456726
3484.509722	33.464238
3485.509722	33.526543
3486.509722	33.56974
3487.509722	33.58953
3488.509722	33.601143
3489.509722	33.623484
3490.509722	33.617883
3491.509722	33.601135
3492.509722	33.563233
3493.509722	33.569203
3494.509722	33.604425
3495.509722	33.646838
3496.509722	33.663337
3497.509722	33.68224
3498.509722	33.695538
3499.509722	33.725323
3500.509722	33.70933
3501.509722	33.731356
3502.509722	33.732975
3503.509722	33.774839
3504.509722	33.789582
3505.509722	33.71977
3506.509722	33.687987
3507.509722	33.698552
3508.509722	33.761595
3509.509722	33.786628
3510.509722	33.789413
3511.509722	33.807088
3512.509722	33.804866
3513.509722	33.821315
3514.509722	33.836058
3515.509722	33.844805
3516.509722	33.865643
3517.509722	33.880666
3518.509722	33.867825
3519.509722	33.909711
3520.509722	33.90975
3521.509722	33.925661
3522.509722	33.938392
3523.509722	33.936715
3524.509722	33.905569
3525.509722	33.914157
3526.509722	33.936757
3527.509722	33.974836
3528.509722	33.989176
3529.509722	34.000727
3530.509722	33.987515
3531.509722	34.012403
3532.509722	33.998836
3533.509722	34.006455
3534.509722	34.019908
3535.509722	34.063867
3536.509722	34.070253
3537.509722	34.065474
3538.509722	34.093261
3539.509722	34.063578
3540.509722	34.036504
3541.509722	34.130944
3542.509722	34.169813
3543.509722	34.178288
3544.509722	34.180924
3545.509722	34.18402
3546.509722	34.228656
3547.509722	34.21501
3548.509722	34.259993
3549.509722	34.265039
3550.509722	34.270411
3551.509722	34.307004
3552.509722	34.301505
3553.509722	34.265717
3554.509722	34.234445
3555.509722	34.312331
3556.509722	34.328985
3557.509722	34.371875
3558.509722	34.33654
3559.509722	34.336125
3560.509722	34.345978
3561.509722	34.387824
3562.509722	34.412503
3563.509722	34.410968
3564.509722	34.417392
3565.509722	34.394173
3566.509722	34.393211
3567.509722	34.406483
3568.509722	34.389051
3569.509722	34.384444
3570.509722	34.45371
3571.509722	34.470521
3572.509722	34.470549
3573.509722	34.481685
3574.509722	34.49148
3575.509722	34.519163
3576.509722	34.521464
3577.509722	34.541252
3578.509722	34.542687
3579.509722	34.508123
3580.509722	34.5042
3581.509722	34.532504
3582.509722	34.566774
3583.509722	34.558519
3584.509722	34.560566
3585.509722	34.545815
3586.509722	34.602232
3587.509722	34.617201
3588.509722	34.561869
3589.509722	34.567901
3590.509722	34.605081
3591.509722	34.670904
3592.509722	34.702255
3593.509722	34.692228
3594.509722	34.712141
3595.509722	34.714775
3596.509722	34.73393
3597.509722	34.73163
3598.509722	34.729034
3599.509722	34.741525
3600.509722	34.747259
3601.509722	34.771772
3602.509722	34.796054
3603.509722	34.810781
3604.509722	34.811226
3605.509722	34.776709
3606.509722	34.818528
3607.509722	34.83463
3608.509722	34.847422
3609.509722	34.841598
3610.509722	34.862597
3611.509722	34.862809
3612.509722	34.831261
3613.509722	34.855611
3614.509722	34.860101
3615.509722	34.886474
3616.509722	34.904452
3617.509722	34.918308
3618.509722	34.944224
3619.509722	34.94859
3620.509722	34.950466
3621.509722	34.942817
3622.509722	34.966567
3623.509722	34.981917
3624.509722	34.993831
3625.509722	35.014761
3626.509722	35.015994
3627.509722	35.015447
3628.509722	35.022966
3629.509722	35.017377
3630.509722	35.030118
3631.509722	35.050375
3632.509722	35.064056
3633.509722	35.070117
3634.509722	35.097841
3635.509722	35.089811
3636.509722	35.101476
3637.509722	35.099207
3638.509722	35.121776
3639.509722	35.08215
3640.509722	35.093547
3641.509722	35.116791
3642.509722	35.181249
3643.509722	35.212544
3644.509722	35.228279
3645.509722	35.222216
3646.509722	35.209765
3647.509722	35.216398
3648.509722	35.225009
3649.509722	35.254734
3650.509722	35.266393
3651.509722	35.262823
3652.509722	35.267299
3653.509722	35.292448
3654.509722	35.310003
3655.509722	35.311687
3656.509722	35.336378
3657.509722	35.352528
3658.509722	35.368559
3659.509722	35.374111
3660.509722	35.377263
3661.509722	35.376737
3662.509722	35.378413
3663.509722	35.401309
3664.509722	35.421132
3665.509722	35.410827
3666.509722	35.416869
3667.509722	35.408973
3668.509722	35.430774
3669.509722	35.444289
3670.509722	35.444161
3671.509722	35.447184
3672.509722	35.462362
3673.509722	35.495999
3674.509722	35.49154
3675.509722	35.494419
3676.509722	35.497545
3677.509722	35.500465
3678.509722	35.501267
3679.509722	35.475673
3680.509722	35.471714
3681.509722	35.4936
3682.509722	35.506092
3683.509722	35.510974
3684.509722	35.527226
3685.509722	35.537025
3686.509722	35.559939
3687.509722	35.57005
3688.509722	35.583363
3689.509722	35.591299
3690.509722	35.610531
3691.509722	35.621838
3692.509722	35.618769
3693.509722	35.640442
3694.509722	35.647358
3695.509722	35.65661
3696.509722	35.660206
3697.509722	35.658659
3698.509722	35.682152
3699.509722	35.693055
3700.509722	35.70527
3701.509722	35.71709
3702.509722	35.725869
3703.509722	35.728351
3704.509722	35.734107
3705.509722	35.741545
3706.509722	35.747604
3707.509722	35.760106
3708.509722	35.766899
3709.509722	35.772316
3710.509722	35.759829
3711.509722	35.79374
3712.509722	35.810961
3713.509722	35.834123
3714.509722	35.844756
3715.509722	35.870767
3716.509722	35.87316
3717.509722	35.872698
3718.509722	35.873599
3719.509722	35.895403
3720.509722	35.905732
3721.509722	35.91096
3722.509722	35.913571
3723.509722	35.929098
3724.509722	35.938252
3725.509722	35.938924
3726.509722	35.949022
3727.509722	35.949587
3728.509722	35.960208
3729.509722	35.982978
3730.509722	35.970857
3731.509722	35.970663
3732.509722	35.976626
3733.509722	36.018121
3734.509722	36.042184
3735.509722	36.06794
3736.509722	36.064249
3737.509722	36.061189
3738.509722	36.06666
3739.509722	36.062348
3740.509722	36.080736
3741.509722	36.085754
3742.509722	36.1026
3743.509722	36.110838
3744.509722	36.122415
3745.509722	36.140643
3746.509722	36.15232
3747.509722	36.151645
3748.509722	36.157943
3749.509722	36.169551
3750.509722	36.181621
3751.509722	36.186289
3752.509722	36.183098
3753.509722	36.198199
3754.509722	36.206682
3755.509722	36.215918
3756.509722	36.204683
3757.509722	36.182987
3758.509722	36.187849
3759.509722	36.217034
3760.509722	36.268966
3761.509722	36.308637
3762.509722	36.32861
3763.509722	36.341593
3764.509722	36.364543
3765.509722	36.37306
3766.509722	36.380513
3767.509722	36.378061
3768.509722	36.380464
3769.509722	36.394166
3770.509722	36.396297
3771.509722	36.409235
3772.509722	36.406563
3773.509722	36.420567
3774.509722	36.423127
3775.509722	36.439862
3776.509722	36.446275
3777.509722	36.452324
3778.509722	36.450024
3779.509722	36.46177
3780.509722	36.466864
3781.509722	36.480086
3782.509722	36.468464
3783.509722	36.48573
3784.509722	36.511764
3785.509722	36.526007
3786.509722	36.534723
3787.509722	36.543109
3788.509722	36.562822
3789.509722	36.565992
3790.509722	36.566085
3791.509722	36.565372
3792.509722	36.553773
3793.509722	36.570437
3794.509722	36.582268
3795.509722	36.599159
3796.509722	36.622613
3797.509722	36.65079
3798.509722	36.664631
3799.509722	36.680885
3800.509722	36.685428
3801.509722	36.682923
3802.509722	36.704192
3803.509722	36.709547
3804.509722	36.711977
3805.509722	36.708365
3806.509722	36.693705
3807.509722	36.701676
3808.509722	36.737601
3809.509722	36.75138
3810.509722	36.792605
3811.509722	36.802811
3812.509722	36.814502
3813.509722	36.835681
3814.509722	36.844714
3815.509722	36.846623
3816.509722	36.854863
3817.509722	36.88293
3818.509722	36.889919
3819.509722	36.882642
3820.509722	36.910369
3821.509722	36.886092
3822.509722	36.835704
3823.509722	36.874202
3824.509722	36.913149
3825.509722	36.933398
3826.509722	36.958042
3827.509722	36.961134
3828.509722	36.961727
3829.509722	36.977909
3830.509722	36.994046
3831.509722	37.020372
3832.509722	37.040905
3833.509722	37.044591
3834.509722	37.059094
3835.509722	37.068735
3836.509722	37.066305
3837.509722	37.078992
3838.509722	37.08174
3839.509722	37.100592
3840.509722	37.113868
3841.509722	37.128869
3842.509722	37.144594
3843.509722	37.138469
3844.509722	37.145692
3845.509722	37.158181
3846.509722	37.156707
3847.509722	37.174828
3848.509722	37.173951
3849.509722	37.184442
3850.509722	37.191744
3851.509722	37.20305
3852.509722	37.210885
3853.509722	37.202677
3854.509722	37.220655
3855.509722	37.234518
3856.509722	37.23674
3857.509722	37.250095
3858.509722	37.260595
3859.509722	37.258168
3860.509722	37.267241
3861.509722	37.273903
3862.509722	37.273839
3863.509722	37.269673
3864.509722	37.273718
3865.509722	37.286848
3866.509722	37.306317
3867.509722	37.30909
3868.509722	37.310676
3869.509722	37.321056
3870.509722	37.340445
3871.509722	37.34802
3872.509722	37.362908
3873.509722	37.359705
3874.509722	37.36749
3875.509722	37.373042
3876.509722	37.383398
3877.509722	37.396545
3878.509722	37.408508
3879.509722	37.410137
3880.509722	37.404905
3881.509722	37.41733
3882.509722	37.426079
3883.509722	37.438318
3884.509722	37.286599
3885.509722	37.461314
3886.509722	37.486451
3887.509722	37.498955
3888.509722	37.494574
3889.509722	37.485281
3890.509722	37.494528
3891.509722	37.496318
3892.509722	37.537391
3893.509722	37.554011
3894.509722	37.564683
3895.509722	37.590551
3896.509722	37.595103
3897.509722	37.629513
3898.509722	37.666723
3899.509722	37.630169
3900.509722	37.626785
3901.509722	37.67683
3902.509722	37.673289
3903.509722	37.670007
3904.509722	37.679961
3905.509722	37.680182
3906.509722	37.682732
3907.509722	37.676962
3908.509722	37.695247
3909.509722	37.70175
3910.509722	37.709213
3911.509722	37.710628
3912.509722	37.714888
3913.509722	37.733034
3914.509722	37.74366
3915.509722	37.757261
3916.509722	37.754391
3917.509722	37.749357
3918.509722	37.75536
3919.509722	37.754274
3920.509722	37.724655
3921.509722	37.702708
3922.509722	37.700693
3923.509722	37.724494
3924.509722	37.785648
3925.509722	37.81325
3926.509722	37.834821
3927.509722	37.841867
3928.509722	37.796288
3929.509722	37.776272
3930.509722	37.786464
3931.509722	37.762843
3932.509722	37.744076
3933.509722	37.733245
3934.509722	37.753493
3935.509722	37.785266
3936.509722	37.797075
3937.509722	37.805502
3938.509722	37.818205
3939.509722	37.826211
3940.509722	37.83313
3941.509722	37.850197
3942.509722	37.86565
3943.509722	37.88211
3944.509722	37.899078
3945.509722	37.915697
3946.509722	37.920092
3947.509722	37.924899
3948.509722	37.933533
3949.509722	37.939405
3950.509722	37.945015
3951.509722	37.955122
3952.509722	37.964991
3953.509722	37.975242
3954.509722	37.979699
3955.509722	37.981897
3956.509722	37.989024
3957.509722	38.012366
3958.509722	38.023385
3959.509722	38.041771
3960.509722	38.052424
3961.509722	38.066861
3962.509722	38.076613
3963.509722	38.096771
3964.509722	38.104479
3965.509722	38.104363
3966.509722	38.113008
3967.509722	38.118885
3968.509722	38.128321
3969.509722	38.141855
3970.509722	38.149512
3971.509722	38.150085
3972.509722	38.16423
3973.509722	38.163491
3974.509722	38.166065
3975.509722	38.174875
3976.509722	38.174105
3977.509722	38.131505
3978.509722	38.092364
3979.509722	38.093468
3980.509722	38.142545
3981.509722	38.282806
3982.509722	38.489474
3983.509722	38.516313
3984.509722	38.534049
3985.509722	38.529735
3986.509722	38.513119
3987.509722	38.49702
3988.509722	38.494241
3989.509722	38.500448
3990.509722	38.504728
3991.509722	38.513823
3992.509722	38.502994
3993.509722	38.49264
3994.509722	38.490389
3995.509722	38.499317
3996.509722	38.500756
3997.509722	38.472685
3998.509722	38.451762
3999.509722	38.456518
4000.509722	38.479531
4001.509722	38.504218
4002.509722	38.537032
4003.509722	38.577933
4004.509722	38.596261
4005.509722	38.603126
4006.509722	38.608134
4007.509722	38.600286
4008.509722	38.563376
4009.509722	38.548238
4010.509722	38.558884
4011.509722	38.564375
4012.509722	38.585978
4013.509722	38.59639
4014.509722	38.573052
4015.509722	38.57947
4016.509722	38.592601
4017.509722	38.600432
4018.509722	38.612744
4019.509722	38.615851
4020.509722	38.621338
4021.509722	38.628225
4022.509722	38.623794
4023.509722	38.624639
4024.509722	38.635672
4025.509722	38.638896
4026.509722	38.639773
4027.509722	38.642925
4028.509722	38.673097
4029.509722	38.702931
4030.509722	38.728843
4031.509722	38.72804
4032.509722	38.728541
4033.509722	38.741732
4034.509722	38.750713
4035.509722	38.75308
4036.509722	38.763983
4037.509722	38.754501
4038.509722	38.767544
4039.509722	38.773281
4040.509722	38.774059
4041.509722	38.77898
4042.509722	38.777713
4043.509722	38.790681
4044.509722	38.796876
4045.509722	38.782
4046.509722	38.784752
4047.509722	38.792233
4048.509722	38.799647
4049.509722	38.830502
4050.509722	38.852165
4051.509722	38.867504
4052.509722	38.882479
4053.509722	38.901336
4054.509722	38.901335
4055.509722	38.900805
4056.509722	38.893549
4057.509722	38.910635
4058.509722	38.930908
4059.509722	38.930568
4060.509722	38.934552
4061.509722	38.921609
4062.509722	38.9349
4063.509722	38.949265
4064.509722	38.954583
4065.509722	38.95929
4066.509722	38.958314
4067.509722	38.963782
4068.509722	38.966544
4069.509722	38.969559
4070.509722	38.9791
4071.509722	39.003918
4072.509722	39.013983
4073.509722	39.027788
4074.509722	39.028773
4075.509722	39.047087
4076.509722	39.05848
4077.509722	39.065417
4078.509722	39.072261
4079.509722	39.087312
4080.509722	39.096339
4081.509722	39.089917
4082.509722	39.109143
4083.509722	39.111401
4084.509722	39.131577
4085.509722	39.141715
4086.509722	39.143139
4087.509722	39.143098
4088.509722	39.152575
4089.509722	39.159709
4090.509722	39.16847
4091.509722	39.177496
4092.509722	39.184701
4093.509722	39.198852
4094.509722	39.234172
4095.509722	39.248022
4096.509722	39.245382
4097.509722	39.257284
4098.509722	39.273357
4099.509722	39.261133
4100.509722	39.281137
4101.509722	39.310805
4102.509722	39.313058
4103.509722	39.302448
4104.509722	39.305356
4105.509722	39.320746
4106.509722	39.329056
4107.509722	39.338336
4108.509722	39.350338
4109.509722	39.333214
4110.509722	39.300498
4111.509722	39.296662
4112.509722	39.296107
4113.509722	39.294929
4114.509722	39.287056
4115.509722	39.331694
4116.509722	39.394188
4117.509722	39.421773
4118.509722	39.42931
4119.509722	39.430131
4120.509722	39.483312
4121.509722	39.517462
4122.509722	39.498678
4123.509722	39.502532
4124.509722	39.509197
4125.509722	39.508527
4126.509722	39.526251
4127.509722	39.521686
4128.509722	39.526533
4129.509722	39.529986
4130.509722	39.537775
4131.509722	39.548807
4132.509722	39.557936
4133.509722	39.560657
4134.509722	39.57774
4135.509722	39.586347
4136.509722	39.594239
4137.509722	39.614227
4138.509722	39.616276
4139.509722	39.600363
4140.509722	39.61988
4141.509722	39.623152
4142.509722	39.638173
4143.509722	39.631542
4144.509722	39.632226
4145.509722	39.638471
4146.509722	39.650192
4147.509722	39.654689
4148.509722	39.648395
4149.509722	39.659918
4150.509722	39.675661
4151.509722	39.710646
4152.509722	39.755514
4153.509722	39.785294
4154.509722	39.804062
4155.509722	39.799634
4156.509722	39.799993
4157.509722	39.796514
4158.509722	39.808288
4159.509722	39.797961
4160.509722	39.805309
4161.509722	39.818259
4162.509722	39.822824
4163.509722	39.832428
4164.509722	39.834296
4165.509722	39.831795
4166.509722	39.851165
4167.509722	39.850645
4168.509722	39.865596
4169.509722	39.869765
4170.509722	39.854979
4171.509722	39.846245
4172.509722	39.84135
4173.509722	39.841803
4174.509722	39.847955
4175.509722	39.846079
4176.509722	39.852993
4177.509722	39.88744
4178.509722	39.907185
4179.509722	39.903458
4180.509722	39.900597
4181.509722	39.891178
4182.509722	39.896779
4183.509722	39.894615
4184.509722	39.889564
4185.509722	39.897206
4186.509722	39.91272
4187.509722	39.931109
4188.509722	39.944464
4189.509722	39.953541
4190.509722	39.967435
4191.509722	39.975892
4192.509722	39.985637
4193.509722	39.982593
4194.509722	39.994243
4195.509722	39.999179
4196.509722	40.010058
4197.509722	40.021507
4198.509722	40.027732
4199.509722	40.034304
4200.509722	40.056239
4201.509722	40.057779
4202.509722	40.0443
4203.509722	40.062929
4204.509722	40.060627
4205.509722	40.070387
4206.509722	40.090964
4207.509722	40.090279
4208.509722	40.099575
4209.509722	40.104138
4210.509722	40.085767
4211.509722	40.072304
4212.509722	40.091489
4213.509722	40.106065
4214.509722	40.11914
4215.509722	40.12766
4216.509722	40.141351
4217.509722	40.144914
4218.509722	40.153251
4219.509722	40.16718
4220.509722	40.169363
4221.509722	40.171926
4222.509722	40.177256
4223.509722	40.183395
4224.509722	40.206559
4225.509722	40.224299
4226.509722	40.277147
4227.509722	40.312187
4228.509722	40.313014
4229.509722	40.304059
4230.509722	40.309002
4231.509722	40.307583
4232.509722	40.302197
4233.509722	40.300908
4234.509722	40.315687
4235.509722	40.318919
4236.509722	40.39153
4237.509722	40.456034
4238.509722	40.491247
4239.509722	40.497463
4240.509722	40.495507
4241.509722	40.500939
4242.509722	40.488077
4243.509722	40.483691
4244.509722	40.479075
4245.509722	40.494252
4246.509722	40.490112
4247.509722	40.489346
4248.509722	40.488464
4249.509722	40.487931
4250.509722	40.491859
4251.509722	40.501274
4252.509722	40.508338
4253.509722	40.510558
4254.509722	40.517661
4255.509722	40.521555
4256.509722	40.524108
4257.509722	40.530086
4258.509722	40.543175
4259.509722	40.549993
4260.509722	40.550304
4261.509722	40.552661
4262.509722	40.55674
4263.509722	40.56145
4264.509722	40.578628
4265.509722	40.590888
4266.509722	40.596976
4267.509722	40.601523
4268.509722	40.614453
4269.509722	40.609573
4270.509722	40.617891
4271.509722	40.605906
4272.509722	40.693302
4273.509722	40.772753
4274.509722	40.787313
4275.509722	40.77105
4276.509722	40.599971
4277.509722	39.859177
4278.509722	38.943879
4279.509722	38.982355
4280.509722	41.1488
4281.509722	38.456456
4282.509722	40.70957
4283.509722	40.227108
4284.509722	38.851382
4285.509722	40.014396
4286.509722	39.34831
4287.509722	39.115958
4288.509722	39.465831
4289.509722	38.286329
4290.509722	39.211192
4291.509722	38.082522
