1775.00000 1861.00000 1850.00000 1848.81250
1850.00000 1848.81250 1950.00000 1832.56250
1978.00000 1806.00000 2000.00000 1824.43750
2000.00000 1824.43750 2100.00000 1808.18750
2100.00000 1808.18750 2150.00000 1800.06250
2150.00000 1800.06250 2275.00000 1779.75000
2275.00000 1779.75000 2325.00000 1771.62500
2325.00000 1771.62500 2475.00000 1747.25000
2475.00000 1747.25000 2500.00000 1743.18750
2500.00000 1743.18750 2575.00000 1731.00000
2833.00000 1976.00000 2895.39996 1970.43272
2895.39996 1970.43272 3144.02427 1948.25062
3144.02427 1948.25062 3362.59375 1928.75000
3362.59375 1928.75000 3438.25000 1922.00000
3438.25000 1922.00000 3459.43750 1941.43750
3488.68750 1917.50000 3614.78125 1906.25000
3614.78125 1906.25000 3640.00000 1904.00000
2808.00000 2877.00000 3117.96875 2766.90625
785.00000 2328.00000 906.56250 2293.00000
906.56250 2293.00000 1018.33065 2260.81997
1018.33065 2260.81997 1392.81250 2153.00000
1392.81250 2153.00000 1563.00000 2104.00000
421.37500 1673.81250 644.25000 1873.68750
644.25000 1873.68750 690.75000 1893.56250
690.75000 1893.56250 714.00000 1903.50000
714.00000 1903.50000 807.00000 1943.25000
807.00000 1943.25000 900.00000 1983.00000
2705.00000 2735.00000 2808.00000 2877.00000
3482.00000 2570.00000 3428.25000 2542.46875
3428.25000 2542.46875 3482.81141 2526.36751
3482.81141 2526.36751 3501.00000 2521.00000
2685.00000 1578.00000 2784.00000 1598.37500
2784.00000 1598.37500 2808.75000 1603.46875
2808.75000 1603.46875 3477.00000 1741.00000
2454.00000 1711.00000 2478.46875 1717.28125
2478.46875 1717.28125 2500.00000 1743.18750
2575.00000 1731.00000 2600.81250 1748.68750
2600.81250 1748.68750 2772.09375 1792.65625
2772.09375 1792.65625 3131.97627 1885.03989
3131.97627 1885.03989 3237.00000 1912.00000
853.00000 2667.00000 1093.77730 2583.79947
1093.77730 2583.79947 1139.50000 2568.00000
1139.50000 2568.00000 1187.25000 2551.50000
1187.25000 2551.50000 1402.12500 2477.25000
1402.12500 2477.25000 1426.00000 2469.00000
1426.00000 2469.00000 1617.00000 2403.00000
2787.00000 1567.00000 2810.34375 1557.40625
2810.34375 1557.40625 2903.71875 1519.03125
2903.71875 1519.03125 3020.43750 1471.06250
3020.43750 1471.06250 3277.21875 1365.53125
3277.21875 1365.53125 3370.59375 1327.15625
3370.59375 1327.15625 3393.93750 1317.56250
3393.93750 1317.56250 3534.00000 1260.00000
1334.87500 2098.25000 1403.78125 2066.93750
1403.78125 2066.93750 1518.62500 2014.75000
1518.62500 2014.75000 1840.18750 1868.62500
1840.18750 1868.62500 1850.00000 1848.81250
1950.00000 1832.56250 1978.00000 1806.00000
3109.00000 1983.00000 3149.72687 1978.16972
3149.72687 1978.16972 3359.31250 1953.31250
3359.31250 1953.31250 3459.43750 1941.43750
3459.43750 1941.43750 3488.68750 1917.50000
3640.00000 1904.00000 3659.68750 1917.68750
3659.68750 1917.68750 3759.81250 1905.81250
3759.81250 1905.81250 3834.90625 1896.90625
3834.90625 1896.90625 3910.00000 1888.00000
1115.00000 1831.00000 1139.34375 1824.56250
1139.34375 1824.56250 1407.12500 1753.75000
1407.12500 1753.75000 1504.50000 1728.00000
1504.50000 1728.00000 1894.00000 1625.00000
1633.00000 2836.00000 1658.06250 2833.62500
1658.06250 2833.62500 1672.65625 2809.78125
1708.18750 2828.87500 1733.25000 2826.50000
1876.00000 2904.00000 1934.77877 2858.18185
1934.77877 2858.18185 2008.93750 2800.37500
2008.93750 2800.37500 2435.00000 2760.00000
1463.00000 1137.00000 1508.75000 1158.00000
1508.75000 1158.00000 2057.75000 1410.00000
2057.75000 1410.00000 2080.62500 1420.50000
2080.62500 1420.50000 2195.00000 1473.00000
 21.00000 2632.00000  91.50000 2659.00000
 91.50000 2659.00000 303.00000 2740.00000
303.00000 2740.00000 655.50000 2875.00000
655.50000 2875.00000 702.50000 2893.00000
702.50000 2893.00000 726.00000 2902.00000
726.00000 2902.00000 773.00000 2920.00000
2592.00000 1973.00000 2885.37476 2014.96327
2885.37476 2014.96327 3164.34525 2054.86620
3164.34525 2054.86620 3364.09375 2083.43750
3364.09375 2083.43750 3389.00000 2087.00000
599.00000 1151.00000 623.68750 1155.81250
659.62500 1140.43750 673.06250 1165.43750
673.06250 1165.43750 944.62500 1218.37500
944.62500 1218.37500 1166.81250 1261.68750
1166.81250 1261.68750 1216.18750 1271.31250
3134.00000 1565.00000 3351.96875 1503.96875
3351.96875 1503.96875 3376.18750 1497.18750
3376.18750 1497.18750 3594.15625 1436.15625
3594.15625 1436.15625 3642.59375 1422.59375
3642.59375 1422.59375 3860.56250 1361.56250
3860.56250 1361.56250 3909.00000 1348.00000
2428.00000 2605.00000 2476.12500 2590.56250
2476.12500 2590.56250 2548.31250 2568.90625
2548.31250 2568.90625 2572.37500 2561.68750
2572.37500 2561.68750 2620.50000 2547.25000
2620.50000 2547.25000 2764.87500 2503.93750
2764.87500 2503.93750 2861.12500 2475.06250
2861.12500 2475.06250 2909.25000 2460.62500
2909.25000 2460.62500 3198.00000 2374.00000
3250.00000 1455.00000 3351.96875 1503.96875
3376.18750 1497.18750 3991.00000 1766.00000
1646.00000 2789.00000 2056.06250 2598.87500
2056.06250 2598.87500 2078.84375 2588.31250
2078.84375 2588.31250 2124.40625 2567.18750
2124.40625 2567.18750 2142.54578 2558.77713
2142.54578 2558.77713 2147.18750 2556.62500
2147.18750 2556.62500 2329.43750 2472.12500
2329.43750 2472.12500 2375.00000 2451.00000
2135.00000 1343.00000 2182.18750 1360.12500
2182.18750 1360.12500 2205.78125 1368.68750
2205.78125 1368.68750 2229.37500 1377.25000
2229.37500 1377.25000 2252.96875 1385.81250
2252.96875 1385.81250 2300.15625 1402.93750
2300.15625 1402.93750 2418.12500 1445.75000
2418.12500 1445.75000 2512.50000 1480.00000
2512.50000 1480.00000 2536.09375 1488.56250
2536.09375 1488.56250 2654.06250 1531.37500
2654.06250 1531.37500 2701.25000 1548.50000
2701.25000 1548.50000 2787.00000 1567.00000
2787.00000 1567.00000 2808.75000 1603.46875
1457.00000 2272.00000 1802.18750 2207.25000
1839.28125 2221.93750 1851.50000 2198.00000
1851.50000 2198.00000 2073.40625 2156.37500
2073.40625 2156.37500 2246.00000 2124.00000
2128.00000 2494.00000 2152.56250 2489.00000
2152.56250 2489.00000 2299.93750 2459.00000
2299.93750 2459.00000 2329.43750 2472.12500
2375.00000 2451.00000 2398.18750 2439.00000
2398.18750 2439.00000 2447.31250 2429.00000
2447.31250 2429.00000 2521.00000 2414.00000
2521.00000 2414.00000 2643.81250 2389.00000
2643.81250 2389.00000 2889.43750 2339.00000
2889.43750 2339.00000 2914.00000 2334.00000
1495.00000 1640.00000 2057.75000 1410.00000
2080.62500 1420.50000 2099.50000 1397.87500
2099.50000 1397.87500 2182.18750 1360.12500
2205.78125 1368.68750 2239.00000 1342.00000
2685.00000 1253.00000 3465.00000 1069.00000
1524.00000 2041.00000 1648.53125 2029.43750
1648.53125 2029.43750 2096.84375 1987.81250
2096.84375 1987.81250 2121.75000 1985.50000
2121.75000 1985.50000 2321.00000 1967.00000
3117.96875 2766.90625 3705.00000 2920.00000
2862.00000 1504.00000 2998.87500 1442.50000
2998.87500 1442.50000 3318.25000 1299.00000
3318.25000 1299.00000 3592.00000 1176.00000
2239.00000 1342.00000 2257.40625 1358.68750
2257.40625 1358.68750 2305.96875 1370.56250
2305.96875 1370.56250 2378.81250 1388.37500
2378.81250 1388.37500 2403.09375 1394.31250
2403.09375 1394.31250 2524.50000 1424.00000
2524.50000 1424.00000 2862.00000 1504.00000
2862.00000 1504.00000 2903.71875 1519.03125
270.00000 1368.00000 529.87500 1457.71875
529.87500 1457.71875 813.37500 1555.59375
813.37500 1555.59375 955.12500 1604.53125
955.12500 1604.53125 978.75000 1612.68750
978.75000 1612.68750 1026.00000 1629.00000
644.25000 1873.68750 679.75000 1717.75000
679.75000 1717.75000 749.78125 1691.03125
749.78125 1691.03125 773.12500 1682.12500
773.12500 1682.12500 955.12500 1604.53125
978.75000 1612.68750 1240.00000 1504.00000
870.00000 2212.00000 918.87500 2201.75000
918.87500 2201.75000 943.31250 2196.62500
943.31250 2196.62500 1016.62500 2181.25000
1016.62500 2181.25000 1334.87500 2098.25000
1334.87500 2098.25000 1358.75000 2109.50000
1358.75000 2109.50000 1383.18750 2104.37500
1383.18750 2104.37500 1627.56250 2053.12500
1627.56250 2053.12500 1648.53125 2029.43750
2936.00000 2166.00000 3357.28125 2116.59375
3357.28125 2116.59375 3555.53125 2093.34375
3555.53125 2093.34375 3580.31250 2090.43750
3580.31250 2090.43750 3729.00000 2073.00000
607.90625 1927.81250 657.09375 1936.18750
657.09375 1936.18750 681.68750 1940.37500
681.68750 1940.37500 780.06250 1957.12500
780.06250 1957.12500 807.00000 1943.25000
900.00000 1983.00000 976.81250 1990.62500
976.81250 1990.62500 1026.00000 1999.00000
1692.00000 2793.00000 1740.18750 2805.93750
1740.18750 2805.93750 1733.25000 2826.50000
1876.00000 2904.00000 1860.65625 2838.28125
1860.65625 2838.28125 1934.77877 2858.18185
1934.77877 2858.18185 2005.21875 2877.09375
2005.21875 2877.09375 2463.00000 3000.00000
826.00000 2993.00000 1152.37500 2868.75000
1152.37500 2868.75000 1502.06250 2735.62500
1502.06250 2735.62500 1572.00000 2709.00000
751.00000 1413.00000 964.18750 1342.96875
964.18750 1342.96875 1153.68750 1280.71875
1153.68750 1280.71875 1166.81250 1261.68750
1216.18750 1271.31250 1317.87947 1231.92614
1317.87947 1231.92614 1508.75000 1158.00000
661.00000 1831.00000 685.81250 1833.37500
685.81250 1833.37500 785.06250 1842.87500
785.06250 1842.87500 859.50000 1850.00000
859.50000 1850.00000 933.93750 1857.12500
933.93750 1857.12500 958.75000 1859.50000
958.75000 1859.50000 1132.43750 1876.12500
1132.43750 1876.12500 1430.18750 1904.62500
1430.18750 1904.62500 1455.00000 1907.00000
1997.00000 1762.00000 2091.75000 1731.12500
2091.75000 1731.12500 2139.12500 1715.68750
2139.12500 1715.68750 2162.81250 1707.96875
2162.81250 1707.96875 2186.50000 1700.25000
2186.50000 1700.25000 2233.87500 1684.81250
2233.87500 1684.81250 2494.43750 1599.90625
2494.43750 1599.90625 2541.81250 1584.46875
2541.81250 1584.46875 2565.50000 1576.75000
2565.50000 1576.75000 2636.56250 1553.59375
2636.56250 1553.59375 2654.06250 1531.37500
2701.25000 1548.50000 2731.31250 1522.71875
2731.31250 1522.71875 2755.00000 1515.00000
1139.50000 2568.00000 1198.18750 2589.93750
1198.18750 2589.93750 1220.78125 2600.40625
1220.78125 2600.40625 1243.37500 2610.87500
1243.37500 2610.87500 1265.96875 2621.34375
1265.96875 2621.34375 1356.34375 2663.21875
1356.34375 2663.21875 1502.06250 2735.62500
1502.06250 2735.62500 1646.00000 2789.00000
1646.00000 2789.00000 1672.65625 2809.78125
1672.65625 2809.78125 1708.18750 2828.87500
1733.25000 2826.50000 1876.00000 2904.00000
1839.28125 2221.93750 1931.65625 2259.18750
1931.65625 2259.18750 2047.12500 2305.75000
2047.12500 2305.75000 2086.52904 2321.63958
2086.52904 2321.63958 2185.68750 2361.62500
2185.68750 2361.62500 2375.00000 2451.00000
2398.18750 2439.00000 2462.81250 2473.37500
2462.81250 2473.37500 2509.00000 2492.00000
 81.00000 1599.00000 178.25000 1620.37500
178.25000 1620.37500 202.56250 1625.71875
202.56250 1625.71875 251.18750 1636.40625
251.18750 1636.40625 421.37500 1673.81250
679.75000 1717.75000 737.43750 1743.28125
737.43750 1743.28125 859.00000 1770.00000
2998.87500 1442.50000 3020.43750 1471.06250
3277.21875 1365.53125 3307.50000 1378.00000
3307.50000 1378.00000 3427.65625 1346.43750
3427.65625 1346.43750 3692.00000 1277.00000
655.50000 2875.00000 673.93750 2852.46875
673.93750 2852.46875 696.87500 2842.93750
696.87500 2842.93750 1201.50000 2633.25000
1201.50000 2633.25000 1224.43750 2623.71875
1224.43750 2623.71875 1243.37500 2610.87500
1265.96875 2621.34375 1293.25000 2595.12500
1293.25000 2595.12500 1385.00000 2557.00000
3117.96875 2766.90625 3482.00000 2570.00000
205.00000 1481.00000 523.90625 1529.75000
523.90625 1529.75000 793.75000 1571.00000
793.75000 1571.00000 813.37500 1555.59375
214.00000 2092.00000 607.90625 1927.81250
657.09375 1936.18750 690.75000 1893.56250
714.00000 1903.50000 744.43750 1881.40625
744.43750 1881.40625 767.50000 1872.25000
767.50000 1872.25000 785.06250 1842.87500
859.50000 1850.00000 882.81250 1826.46875
882.81250 1826.46875 952.00000 1799.00000
1837.00000 1586.00000 1882.87500 1604.75000
1882.87500 1604.75000 1894.00000 1625.00000
1894.00000 1625.00000 1928.75000 1623.50000
1928.75000 1623.50000 2089.31250 1689.12500
2089.31250 1689.12500 2139.12500 1715.68750
2162.81250 1707.96875 2181.06250 1726.62500
2181.06250 1726.62500 2249.87500 1754.75000
2249.87500 1754.75000 2275.00000 1779.75000
2325.00000 1771.62500 2341.62500 1792.25000
2341.62500 1792.25000 2479.25000 1848.50000
2479.25000 1848.50000 2571.00000 1886.00000
965.00000 2499.00000 1067.71215 2472.21717
1067.71215 2472.21717 1156.75000 2449.00000
1156.75000 2449.00000 1444.37500 2374.00000
1444.37500 2374.00000 1732.00000 2299.00000
1802.18750 2207.25000 1839.28125 2221.93750
1931.65625 2259.18750 1967.75000 2249.25000
1967.75000 2249.25000 2041.43750 2258.81250
2041.43750 2258.81250 2213.37500 2281.12500
2213.37500 2281.12500 2434.43750 2309.81250
2434.43750 2309.81250 2459.00000 2313.00000
2246.00000 2124.00000 2269.75000 2133.25000
2269.75000 2133.25000 2416.00000 2107.00000
242.00000 1021.00000 729.50000 1106.62500
729.50000 1106.62500 778.25000 1115.18750
778.25000 1115.18750 924.50000 1140.87500
924.50000 1140.87500 1022.00000 1158.00000
2089.31250 1689.12500 2110.06250 1676.34375
2110.06250 1676.34375 2158.93750 1684.15625
2158.93750 1684.15625 2186.50000 1700.25000
2233.87500 1684.81250 2256.68750 1699.78125
2256.68750 1699.78125 2427.75000 1727.12500
2427.75000 1727.12500 2454.00000 1711.00000
2454.00000 1711.00000 2475.00000 1747.25000
2764.87500 2503.93750 2790.12500 2519.43750
2790.12500 2519.43750 2911.06250 2493.96875
2911.06250 2493.96875 3419.00000 2387.00000
3104.00000 1195.00000 3318.25000 1299.00000
3318.25000 1299.00000 3350.81250 1308.78125
3350.81250 1308.78125 3370.59375 1327.15625
3393.93750 1317.56250 3427.65625 1346.43750
3427.65625 1346.43750 3575.18750 1412.21875
3575.18750 1412.21875 3594.15625 1436.15625
3642.59375 1422.59375 3664.93750 1453.59375
3664.93750 1453.59375 3822.00000 1526.00000
2325.00000 2857.00000 2467.31250 2815.56250
2467.31250 2815.56250 2491.03125 2808.65625
2491.03125 2808.65625 2680.78125 2753.40625
2680.78125 2753.40625 2705.00000 2735.00000
 47.00000 1333.00000  70.56250 1325.59375
 70.56250 1325.59375 117.68750 1310.78125
117.68750 1310.78125 141.25000 1303.37500
141.25000 1303.37500 169.43799 1294.51485
169.43799 1294.51485 282.62500 1258.93750
282.62500 1258.93750 306.18750 1251.53125
306.18750 1251.53125 599.00000 1151.00000
623.68750 1155.81250 659.62500 1140.43750
659.62500 1140.43750 706.75000 1125.62500
706.75000 1125.62500 729.50000 1106.62500
778.25000 1115.18750 801.00000 1096.00000
607.90625 1927.81250 630.62500 1909.31250
630.62500 1909.31250 690.75000 1893.56250
744.43750 1881.40625 778.00000 1894.50000
778.00000 1894.50000 925.37500 1879.68750
925.37500 1879.68750 958.75000 1859.50000
1132.43750 1876.12500 1146.43750 1857.46875
1146.43750 1857.46875 1171.00000 1855.00000
2348.00000 1300.00000 2378.81250 1388.37500
2403.09375 1394.31250 2401.12500 1416.56250
2401.12500 1416.56250 2418.12500 1445.75000
2418.12500 1445.75000 2475.50000 1579.75000
2475.50000 1579.75000 2494.43750 1599.90625
2494.43750 1599.90625 2518.00000 1673.00000
2449.00000 1935.00000 2479.25000 1848.50000
2479.25000 1848.50000 2500.00000 1743.18750
2500.00000 1743.18750 2514.25000 1714.50000
2514.25000 1714.50000 2518.00000 1673.00000
2518.00000 1673.00000 2536.00000 1641.00000
2536.00000 1641.00000 2541.81250 1584.46875
2565.50000 1576.75000 2565.00000 1543.00000
1126.00000 2984.00000 1152.37500 2868.75000
1152.37500 2868.75000 1217.00000 2664.68750
1217.00000 2664.68750 1224.43750 2623.71875
1224.43750 2623.71875 1220.78125 2600.40625
681.68750 1940.37500 692.00000 2008.00000
696.87500 2842.93750 708.75000 2869.25000
708.75000 2869.25000 702.50000 2893.00000
726.00000 2902.00000 725.00000 2970.00000
296.00000 2846.00000 303.00000 2740.00000
303.00000 2740.00000 314.12500 2720.06250
314.12500 2720.06250 354.00000 2443.00000
2763.00000 1928.00000 2772.09375 1792.65625
2772.09375 1792.65625 2792.25000 1624.25000
2792.25000 1624.25000 2784.00000 1598.37500
2784.00000 1598.37500 2787.00000 1567.00000
2810.34375 1557.40625 2802.00000 1523.00000
1392.81250 2153.00000 1383.18750 2104.37500
1383.18750 2104.37500 1403.78125 2066.93750
1403.78125 2066.93750 1430.18750 1904.62500
1430.18750 1904.62500 1465.00000 1774.00000
2178.00000 1070.00000 2225.50000 1319.37500
2225.50000 1319.37500 2239.00000 1342.00000
2239.00000 1342.00000 2229.37500 1377.25000
2252.96875 1385.81250 2244.50000 1419.12500
2244.50000 1419.12500 2249.25000 1444.06250
2249.25000 1444.06250 2254.00000 1469.00000
1016.62500 2181.25000 1132.43750 1876.12500
1146.43750 1857.46875 1139.34375 1824.56250
1117.00000 2373.00000 1156.75000 2449.00000
1156.75000 2449.00000 1187.25000 2551.50000
1187.25000 2551.50000 1198.18750 2589.93750
1220.78125 2600.40625 1201.50000 2633.25000
1201.50000 2633.25000 1217.00000 2664.68750
1217.00000 2664.68750 1233.18750 2681.75000
1233.18750 2681.75000 1260.00000 2753.00000
421.37500 1673.81250 523.90625 1529.75000
523.90625 1529.75000 529.87500 1457.71875
529.87500 1457.71875 540.00000 1376.00000
1495.00000 1640.00000 1504.50000 1728.00000
1504.50000 1728.00000 1518.62500 2014.75000
1518.62500 2014.75000 1524.00000 2041.00000
 56.00000 1275.00000  70.56250 1325.59375
 70.56250 1325.59375 179.50000 1580.50000
179.50000 1580.50000 178.25000 1620.37500
202.56250 1625.71875 208.00000 1651.00000
3777.00000 2837.00000 3849.00000 2438.00000
3428.25000 2542.46875 3425.50000 2505.00000
3425.50000 2505.00000 3506.00000 2319.00000
696.87500 2842.93750 880.00000 2441.00000
2430.00000 2957.00000 2470.31250 2837.31250
2470.31250 2837.31250 2467.31250 2815.56250
2491.03125 2808.65625 2550.93750 2597.93750
2550.93750 2597.93750 2548.31250 2568.90625
3520.00000 2295.00000 3555.53125 2093.34375
3580.31250 2090.43750 3603.43750 1925.62500
3603.43750 1925.62500 3614.78125 1906.25000
489.00000 2072.00000 632.00000 2676.00000
2619.00000 2614.00000 2620.50000 2547.25000
2620.50000 2547.25000 2643.81250 2389.00000
2643.81250 2389.00000 2674.00000 2214.00000
1196.00000 1298.00000 1244.56250 1467.75000
1244.56250 1467.75000 1240.00000 1504.00000
1240.00000 1504.00000 1258.43750 1516.25000
1258.43750 1516.25000 1307.00000 1686.00000
 91.50000 2659.00000 145.00000 2477.50000
145.00000 2477.50000 157.50000 2428.87500
157.50000 2428.87500 195.00000 2283.00000
2126.00000 2591.00000 2124.40625 2567.18750
2147.18750 2556.62500 2144.00000 2517.87500
2144.00000 2517.87500 2152.56250 2489.00000
2152.56250 2489.00000 2185.68750 2361.62500
2185.68750 2361.62500 2198.00000 2298.50000
2198.00000 2298.50000 2213.37500 2281.12500
2213.37500 2281.12500 2222.00000 2201.00000
214.00000 2092.00000 313.00000 2470.00000
444.00000 2142.00000 529.00000 2534.00000
3783.00000 2254.00000 3819.87500 2006.50000
3819.87500 2006.50000 3834.90625 1896.90625
3834.90625 1896.90625 3842.00000 1858.00000
862.00000 2108.00000 900.00000 1983.00000
900.00000 1983.00000 927.50000 1919.00000
927.50000 1919.00000 925.37500 1879.68750
925.37500 1879.68750 933.93750 1857.12500
958.75000 1859.50000 960.25000 1824.50000
960.25000 1824.50000 952.00000 1799.00000
952.00000 1799.00000 976.62500 1777.25000
976.62500 1777.25000 993.00000 1730.00000
1360.00000 1399.00000 1407.12500 1753.75000
1407.12500 1753.75000 1405.00000 1796.00000
883.00000 2382.00000 906.56250 2293.00000
906.56250 2293.00000 918.87500 2201.75000
943.31250 2196.62500 938.68750 2164.31250
938.68750 2164.31250 976.81250 1990.62500
2434.43750 2309.81250 2452.37500 2282.50000
2452.37500 2282.50000 2460.75000 2259.00000
2460.75000 2259.00000 2578.00000 1930.00000
2091.75000 1731.12500 2100.00000 1808.18750
2100.00000 1808.18750 2135.81250 1937.37500
2121.75000 1985.50000 2151.75000 2010.50000
2151.75000 2010.50000 2173.00000 2108.00000
3840.00000 1265.00000 3860.56250 1361.56250
3860.56250 1361.56250 3902.00000 1659.00000
3681.00000 1674.00000 3760.31250 1883.81250
3760.31250 1883.81250 3759.81250 1905.81250
3759.81250 1905.81250 3819.87500 2006.50000
 93.00000 2272.00000 137.62500 2414.50000
137.62500 2414.50000 157.50000 2428.87500
145.00000 2477.50000 212.00000 2652.00000
2423.00000 2207.00000 2432.75000 2229.87500
2432.75000 2229.87500 2460.75000 2259.00000
2452.37500 2282.50000 2459.00000 2313.00000
2459.00000 2313.00000 2521.00000 2414.00000
2521.00000 2414.00000 2520.50000 2435.75000
2520.50000 2435.75000 2572.37500 2561.68750
1993.00000 2895.00000 2005.21875 2877.09375
2005.21875 2877.09375 2008.93750 2800.37500
2008.93750 2800.37500 2061.75000 2630.31250
2061.75000 2630.31250 2056.06250 2598.87500
2078.84375 2588.31250 2093.00000 2510.00000
1356.34375 2663.21875 1385.25000 2588.50000
1385.25000 2588.50000 1385.00000 2557.00000
1385.00000 2557.00000 1405.68750 2516.87500
1405.68750 2516.87500 1402.12500 2477.25000
1426.00000 2469.00000 1444.37500 2374.00000
1444.37500 2374.00000 1467.00000 2302.00000
2047.12500 2305.75000 2041.43750 2258.81250
2041.43750 2258.81250 2054.50000 2240.43750
2054.50000 2240.43750 2073.40625 2156.37500
2073.40625 2156.37500 2104.00000 2022.75000
2104.00000 2022.75000 2096.84375 1987.81250
2121.75000 1985.50000 2135.81250 1937.37500
2150.00000 1800.06250 2156.68750 1755.87500
2156.68750 1755.87500 2181.06250 1726.62500
2162.81250 1707.96875 2158.93750 1684.15625
2158.93750 1684.15625 2179.43750 1659.37500
2179.43750 1659.37500 2224.93750 1466.37500
2224.93750 1466.37500 2249.25000 1444.06250
201.00000 1520.00000 205.00000 1481.00000
205.00000 1481.00000 249.37500 1379.37500
249.37500 1379.37500 270.00000 1368.00000
270.00000 1368.00000 265.50000 1332.50000
265.50000 1332.50000 282.62500 1258.93750
306.18750 1251.53125 330.00000 1145.00000
104.00000 1290.00000 117.68750 1310.78125
117.68750 1310.78125 123.37500 1335.62500
123.37500 1335.62500 136.19992 1365.82562
136.19992 1365.82562 181.50000 1472.50000
181.50000 1472.50000 205.00000 1481.00000
201.00000 1520.00000 251.18750 1636.40625
2512.00000 1396.00000 2524.50000 1424.00000
2524.50000 1424.00000 2512.50000 1480.00000
2536.09375 1488.56250 2541.81250 1584.46875
2536.00000 1641.00000 2552.56250 1665.50000
2552.56250 1665.50000 2559.93750 1714.50000
2559.93750 1714.50000 2575.00000 1731.00000
2575.00000 1731.00000 2567.31250 1763.50000
2567.31250 1763.50000 2571.00000 1788.00000
644.25000 1873.68750 681.00000 1856.75000
681.00000 1856.75000 685.81250 1833.37500
685.81250 1833.37500 737.43750 1743.28125
737.43750 1743.28125 749.78125 1691.03125
773.12500 1682.12500 793.75000 1571.00000
2861.12500 2475.06250 2889.43750 2339.00000
2889.43750 2339.00000 2916.00000 2096.00000
 31.00000 1029.00000 141.25000 1303.37500
141.25000 1303.37500 123.37500 1335.62500
2434.43750 2309.81250 2452.50000 2391.25000
2452.50000 2391.25000 2447.31250 2429.00000
2447.31250 2429.00000 2462.81250 2473.37500
2462.81250 2473.37500 2476.12500 2590.56250
2476.12500 2590.56250 2487.37500 2610.06250
2487.37500 2610.06250 2499.00000 2683.00000
214.00000 2092.00000 421.37500 1673.81250
3342.00000 1805.00000 3350.50000 1903.00000
3350.50000 1903.00000 3362.59375 1928.75000
3362.59375 1928.75000 3359.31250 1953.31250
3359.31250 1953.31250 3364.09375 2083.43750
3364.09375 2083.43750 3357.28125 2116.59375
3357.28125 2116.59375 3376.00000 2197.00000
2282.00000 1497.00000 2300.15625 1402.93750
2300.15625 1402.93750 2305.96875 1370.56250
2305.96875 1370.56250 2363.00000 1113.00000
899.00000 1065.00000 924.50000 1140.87500
924.50000 1140.87500 944.62500 1218.37500
944.62500 1218.37500 964.18750 1342.96875
964.18750 1342.96875 999.00000 1444.00000
2808.00000 2877.00000 2911.06250 2493.96875
2911.06250 2493.96875 2909.25000 2460.62500
2909.25000 2460.62500 2940.00000 2315.00000
2814.00000 2332.00000 2885.37476 2014.96327
2885.37476 2014.96327 2895.39996 1970.43272
2895.39996 1970.43272 2900.00000 1950.00000
2080.00000 2294.00000 2086.52904 2321.63958
2086.52904 2321.63958 2142.54578 2558.77713
2142.54578 2558.77713 2170.00000 2675.00000
1013.00000 2238.00000 1018.33065 2260.81997
1018.33065 2260.81997 1067.71215 2472.21717
1067.71215 2472.21717 1093.77730 2583.79947
1093.77730 2583.79947 1102.00000 2619.00000
3468.00000 2484.00000 3482.81141 2526.36751
3482.81141 2526.36751 3597.00000 2853.00000
124.00000 1392.00000 136.19992 1365.82562
136.19992 1365.82562 169.43799 1294.51485
169.43799 1294.51485 289.00000 1038.00000
3107.00000 1754.00000 3131.97627 1885.03989
3131.97627 1885.03989 3144.02427 1948.25062
3144.02427 1948.25062 3149.72687 1978.16972
3149.72687 1978.16972 3164.34525 2054.86620
3164.34525 2054.86620 3180.00000 2137.00000
1302.00000 1182.00000 1317.87947 1231.92614
1317.87947 1231.92614 1420.00000 1553.00000
