 21.00000 2632.00000 773.00000 2920.00000
 31.00000 1029.00000 167.00000 1399.00000
 47.00000 1333.00000 801.00000 1096.00000
 56.00000 1275.00000 208.00000 1651.00000
 81.00000 1599.00000 859.00000 1770.00000
 93.00000 2272.00000 212.00000 2652.00000
 95.00000 2672.00000 195.00000 2283.00000
104.00000 1290.00000 259.00000 1655.00000
124.00000 1392.00000 289.00000 1038.00000
156.00000 1665.00000 900.00000 1983.00000
200.00000 2085.00000 313.00000 2470.00000
201.00000 1520.00000 330.00000 1145.00000
205.00000 1481.00000 990.00000 1601.00000
214.00000 2092.00000 952.00000 1799.00000
239.00000 1865.00000 1026.00000 1999.00000
242.00000 1021.00000 1022.00000 1158.00000
270.00000 1368.00000 1026.00000 1629.00000
296.00000 2846.00000 354.00000 2443.00000
342.00000 1947.00000 449.00000 1568.00000
385.00000 1934.00000 1171.00000 1855.00000
444.00000 2142.00000 529.00000 2534.00000
489.00000 2072.00000 582.00000 2465.00000
493.00000 1779.00000 540.00000 1376.00000
493.00000 1789.00000 1240.00000 1504.00000
544.00000 2292.00000 632.00000 2676.00000
548.00000 1626.00000 692.00000 2008.00000
599.00000 1151.00000 1389.00000 1305.00000
651.00000 2862.00000 1385.00000 2557.00000
660.00000 2567.00000 725.00000 2970.00000
661.00000 1831.00000 1455.00000 1907.00000
661.00000 1902.00000 821.00000 1540.00000
717.00000 2811.00000 880.00000 2441.00000
751.00000 1413.00000 1509.00000 1164.00000
785.00000 2328.00000 1563.00000 2104.00000
826.00000 2993.00000 1572.00000 2709.00000
853.00000 2667.00000 1617.00000 2403.00000
862.00000 2108.00000 993.00000 1730.00000
870.00000 2212.00000 1652.00000 2048.00000
883.00000 2382.00000 982.00000 1995.00000
899.00000 1065.00000 999.00000 1444.00000
965.00000 2499.00000 1732.00000 2299.00000
1001.00000 2190.00000 1152.00000 1813.00000
1013.00000 2238.00000 1102.00000 2619.00000
1115.00000 1831.00000 1894.00000 1625.00000
1117.00000 2373.00000 1260.00000 2753.00000
1126.00000 2984.00000 1238.00000 2591.00000
1153.00000 2569.00000 1876.00000 2904.00000
1196.00000 1298.00000 1307.00000 1686.00000
1243.00000 2140.00000 1978.00000 1806.00000
1302.00000 1182.00000 1420.00000 1553.00000
1358.00000 2684.00000 1467.00000 2302.00000
1360.00000 1399.00000 1405.00000 1796.00000
1376.00000 2171.00000 1465.00000 1774.00000
1457.00000 2272.00000 2246.00000 2124.00000
1463.00000 1137.00000 2195.00000 1473.00000
1490.00000 1629.00000 1526.00000 2033.00000
1495.00000 1640.00000 2239.00000 1342.00000
1524.00000 2041.00000 2321.00000 1967.00000
1633.00000 2836.00000 2435.00000 2760.00000
1636.00000 2247.00000 2416.00000 2107.00000
1646.00000 2789.00000 2375.00000 2451.00000
1673.00000 2211.00000 2459.00000 2313.00000
1692.00000 2793.00000 2463.00000 3000.00000
1770.00000 2194.00000 2509.00000 2492.00000
1775.00000 1861.00000 2575.00000 1731.00000
1837.00000 1586.00000 2571.00000 1886.00000
1939.00000 1649.00000 2721.00000 1774.00000
1993.00000 2895.00000 2093.00000 2510.00000
1997.00000 1762.00000 2755.00000 1515.00000
2038.00000 2313.00000 2126.00000 1926.00000
2080.00000 2294.00000 2170.00000 2675.00000
2088.00000 1718.00000 2173.00000 2108.00000
2126.00000 2591.00000 2222.00000 2201.00000
2128.00000 2494.00000 2914.00000 2334.00000
2135.00000 1343.00000 2890.00000 1617.00000
2136.00000 1329.00000 2913.00000 1519.00000
2151.00000 1780.00000 2242.00000 1394.00000
2178.00000 1070.00000 2254.00000 1469.00000
2282.00000 1497.00000 2363.00000 1113.00000
2325.00000 2857.00000 3084.00000 2636.00000
2348.00000 1300.00000 2518.00000 1673.00000
2423.00000 2207.00000 2579.00000 2573.00000
2428.00000 2605.00000 3198.00000 2374.00000
2430.00000 2957.00000 2559.00000 2574.00000
2437.00000 2294.00000 2499.00000 2683.00000
2444.00000 2306.00000 2578.00000 1930.00000
2449.00000 1935.00000 2565.00000 1543.00000
2454.00000 1711.00000 3237.00000 1912.00000
2512.00000 1396.00000 2571.00000 1788.00000
2592.00000 1973.00000 3389.00000 2087.00000
2619.00000 2614.00000 2674.00000 2214.00000
2645.00000 2550.00000 3419.00000 2387.00000
2685.00000 1253.00000 3465.00000 1069.00000
2685.00000 1578.00000 3477.00000 1741.00000
2705.00000 2735.00000 3482.00000 2570.00000
2725.00000 2750.00000 3501.00000 2521.00000
2763.00000 1928.00000 2802.00000 1523.00000
2787.00000 1567.00000 3534.00000 1260.00000
2808.00000 2877.00000 3571.00000 2606.00000
2814.00000 2332.00000 2900.00000 1950.00000
2833.00000 1976.00000 3640.00000 1904.00000
2862.00000 1504.00000 3592.00000 1176.00000
2862.00000 2487.00000 2916.00000 2096.00000
2863.00000 2699.00000 2940.00000 2315.00000
2923.00000 1479.00000 3692.00000 1277.00000
2927.00000 2732.00000 3705.00000 2920.00000
2936.00000 2166.00000 3729.00000 2073.00000
3104.00000 1195.00000 3822.00000 1526.00000
3107.00000 1754.00000 3180.00000 2137.00000
3109.00000 1983.00000 3910.00000 1888.00000
3134.00000 1565.00000 3909.00000 1348.00000
3250.00000 1455.00000 3991.00000 1766.00000
3342.00000 1805.00000 3376.00000 2197.00000
3345.00000 2691.00000 3506.00000 2319.00000
3468.00000 2484.00000 3597.00000 2853.00000
3520.00000 2295.00000 3609.00000 1901.00000
3681.00000 1674.00000 3822.00000 2047.00000
3777.00000 2837.00000 3849.00000 2438.00000
3783.00000 2254.00000 3842.00000 1858.00000
3840.00000 1265.00000 3902.00000 1659.00000
