DENSITY
 786.5   1037.8   0.97
/


--    REF. PRES   COMPRESSIBILITY
ROCK
        277.0          4.35e-5          /


--    REF. PRES. REF. FVF  COMPRESSIBILITY  REF VISCOSITY  
PVTW
       276.8     1.029        4.54e-5           0.31    0.0
/

PVDG
--   PGAS   BGAS   VISGAS
1	166.666	0.008
18	12.093	0.0096
35	6.274	0.0112
69	3.197	0.014
137	1.614	0.0189
171	1.294	0.0208
205	1.08	0.0228
273	0.811	0.0268
341	0.649	0.0309
613	0.386	0.047
/

PVTO
--   RS  POIL  FVFO  VISO
  0.001	 1	1.062	1.04	
  0.0905 18	1.15	0.975	
  0.18 	35	1.207	0.91	
  0.371	69	1.295	0.83	
  0.636	137	1.435	0.695	
  0.775	171	1.500	0.641
  0.93	205	1.565	0.594	
  1.270	273	1.695	0.51	
  1.270	613	1.579	0.74
/

SWOF
  0.12        0.00        1      5.0
  1.00        0.00001     0      0.0
/

SGOF
0.000	0.000	1.000	0.11852
0.001	0.000	0.999	0.11866
0.020	0.000	0.997	0.12152
0.050	0.005	0.980	0.12628
0.120	0.025	0.700	0.13882
0.200	0.075	0.350	0.15616
0.250	0.125	0.200	0.16911
0.300	0.190	0.090	0.18412
0.400	0.410	0.021	0.22260
0.450	0.600	0.010	0.24771
0.500	0.720	0.001	0.27843
0.600	0.870	0.000	0.36576
0.700	0.940	0.000	0.51878
0.880	0.980	0.000	1.53728
1.000	1.000	0.000	37.94733
/

SCOND
1 290 /