N_ROWS	N_COLS	N_NON_ZEROS
10	10	26

------------------------------------------------------------------------------------------
  	0	1	2	3	4	5	6	7	8	9	
------------------------------------------------------------------------------------------
0  |	0.00	0	0.00	0	0	0	0	0	0	0	
1  |	0	1.00	0	10.00	0	0	0	0	0	0	
2  |	-20.00	0	2.00	0	20.00	0	0	0	0	0	
3  |	0	-30.00	0	3.00	0	30.00	0	0	0	0	
4  |	0	0	-40.00	0	4.00	0	40.00	0	0	0	
5  |	0	0	0	-50.00	0	5.00	0	50.00	0	0	
6  |	0	0	0	0	-60.00	0	6.00	0	60.00	0	
7  |	0	0	0	0	0	-70.00	0	7.00	0	70.00	
8  |	0	0	0	0	0	0	-80.00	0	8.00	0	
9  |	0	0	0	0	0	0	0	-90.00	0	9.00	
