1500.00000 2800.00000 1900.00000 2840.00000
1900.00000 2840.00000 2500.00000 2900.00000
1500.00000 3000.00000 1700.00000 3000.00000
1700.00000 3000.00000 1900.00000 2840.00000
2000.00000 1000.00000 2500.00000 1300.00000
1500.00000 1800.00000 1833.33333 1933.33333
1833.33333 1933.33333 2000.00000 2000.00000
1500.00000 2200.00000 1666.66667 2133.33333
1666.66667 2133.33333 1833.33333 1933.33333
2000.00000 2000.00000 2833.33333 1933.33333
2833.33333 1933.33333 3000.00000 2100.00000
1500.00000 500.00000 2333.33333 566.66667
1500.00000 1000.00000 2000.00000 1000.00000
