300.0 0.0 500.0 0.0
298.85840942752367 26.14672282429745 498.09734904587276 43.57787137382908
295.4423259036624 52.0944533000791 492.403876506104 86.82408883346517
289.7777478867205 77.64571353075623 482.9629131445342 129.40952255126038
281.9077862357725 102.60604299770061 469.8463103929542 171.01007166283435
271.89233611099496 126.78547852220983 453.153893518325 211.30913087034972
259.8076211353316 149.99999999999997 433.01270189221935 249.99999999999997
245.74561328669753 172.07293090531383 409.5760221444959 286.788218175523
229.8133329356934 192.83628290596178 383.022221559489 321.3938048432696
212.13203435596427 212.13203435596427 353.5533905932738 353.5533905932738
192.8362829059618 229.8133329356934 321.39380484326966 383.022221559489
172.07293090531383 245.74561328669753 286.788218175523 409.5760221444959
150.00000000000003 259.8076211353316 250.00000000000006 433.0127018922193
126.78547852220983 271.89233611099496 211.30913087034972 453.153893518325
102.60604299770064 281.9077862357725 171.0100716628344 469.84631039295414
77.64571353075623 289.7777478867205 129.40952255126038 482.9629131445342
52.094453300079124 295.4423259036624 86.82408883346521 492.403876506104
26.14672282429744 298.85840942752367 43.57787137382907 498.09734904587276
1.8369701987210297e-14 300.0 3.061616997868383e-14 500.0
-26.14672282429747 298.85840942752367 -43.57787137382912 498.09734904587276
-52.09445330007909 295.4423259036624 -86.82408883346515 492.403876506104
-77.64571353075625 289.7777478867205 -129.40952255126044 482.9629131445342
-102.60604299770061 281.9077862357725 -171.01007166283435 469.8463103929542
-126.7854785222098 271.892336110995 -211.30913087034966 453.15389351832505
-149.99999999999994 259.8076211353316 -249.9999999999999 433.01270189221935
-172.07293090531385 245.7456132866975 -286.78821817552307 409.5760221444958
-192.8362829059618 229.8133329356934 -321.39380484326966 383.022221559489
-212.13203435596424 212.13203435596427 -353.5533905932737 353.5533905932738
-229.81333293569338 192.83628290596184 -383.02222155948897 321.3938048432697
-245.74561328669756 172.07293090531377 -409.57602214449594 286.78821817552296
-259.8076211353316 149.99999999999997 -433.01270189221935 249.99999999999997
-271.89233611099496 126.78547852220984 -453.153893518325 211.30913087034975
-281.9077862357725 102.60604299770067 -469.84631039295414 171.01007166283443
-289.7777478867205 77.64571353075631 -482.9629131445341 129.40952255126052
-295.4423259036624 52.09445330007908 -492.403876506104 86.82408883346514
-298.85840942752367 26.14672282429746 -498.09734904587276 43.5778713738291
-300.0 3.6739403974420595e-14 -500.0 6.123233995736766e-14
-298.85840942752367 -26.146722824297385 -498.09734904587276 -43.57787137382897
-295.4423259036624 -52.09445330007914 -492.403876506104 -86.82408883346524
-289.7777478867205 -77.64571353075624 -482.9629131445342 -129.4095225512604
-281.9077862357725 -102.6060429977006 -469.8463103929542 -171.01007166283432
-271.892336110995 -126.78547852220979 -453.15389351832505 -211.30913087034963
-259.8076211353316 -150.00000000000003 -433.0127018922193 -250.00000000000006
-245.74561328669753 -172.07293090531385 -409.5760221444959 -286.78821817552307
-229.8133329356934 -192.83628290596178 -383.022221559489 -321.3938048432696
-212.1320343559643 -212.13203435596424 -353.55339059327383 -353.5533905932737
-192.83628290596184 -229.81333293569338 -321.3938048432697 -383.02222155948897
-172.0729309053139 -245.74561328669748 -286.7882181755232 -409.57602214449577
-150.00000000000014 -259.80762113533154 -250.00000000000023 -433.01270189221924
-126.78547852220974 -271.8923361109951 -211.30913087034958 -453.1538935183251
-102.60604299770057 -281.9077862357725 -171.01007166283426 -469.8463103929542
-77.64571353075618 -289.7777478867205 -129.40952255126032 -482.9629131445342
-52.0944533000791 -295.4423259036624 -86.82408883346517 -492.403876506104
-26.146722824297473 -298.85840942752367 -43.577871373829126 -498.09734904587276
-5.510910596163089e-14 -300.0 -9.184850993605149e-14 -500.0
26.146722824297367 -298.85840942752367 43.57787137382894 -498.09734904587276
52.09445330007899 -295.44232590366244 86.82408883346498 -492.40387650610404
77.64571353075608 -289.77774788672053 129.40952255126015 -482.9629131445342
102.6060429977007 -281.9077862357725 171.0100716628345 -469.84631039295414
126.78547852220989 -271.89233611099496 211.3091308703498 -453.15389351832494
150.00000000000003 -259.8076211353316 250.00000000000006 -433.0127018922193
172.07293090531383 -245.74561328669753 286.788218175523 -409.5760221444959
192.83628290596178 -229.81333293569344 321.3938048432696 -383.0222215594891
212.1320343559642 -212.1320343559643 353.55339059327366 -353.55339059327383
229.81333293569332 -192.83628290596187 383.0222215594889 -321.3938048432698
245.74561328669748 -172.07293090531394 409.57602214449577 -286.78821817552324
259.8076211353315 -150.00000000000014 433.0127018922192 -250.00000000000023
271.892336110995 -126.78547852220977 453.15389351832505 -211.3091308703496
281.9077862357725 -102.60604299770058 469.8463103929542 -171.0100716628343
289.7777478867205 -77.64571353075621 482.9629131445342 -129.40952255126035
295.4423259036624 -52.09445330007912 492.403876506104 -86.8240888334652
298.85840942752367 -26.146722824297495 498.09734904587276 -43.57787137382916