3419 2387 2645 2550
205 1481 990 1601
3389 2087 2592 1973
3134 1565 3909 1348
2913 1519 2136 1329
3482 2570 2705 2735
81 1599 859 1770
2375 2451 1646 2789
773 2920 21 2632
1463 1137 2195 1473
1997 1762 2755 1515
3705 2920 2927 2732
1894 1625 1115 1831
3910 1888 3109 1983
493 1789 1240 1504
3729 2073 2936 2166
214 2092 952 1799
3198 2374 2428 2605
2914 2334 2128 2494
2239 1342 1495 1640
3640 1904 2833 1976
3571 2606 2808 2877
2575 1731 1775 1861
3991 1766 3250 1455
3465 1069 2685 1253
853 2667 1617 2403
1673 2211 2459 2313
270 1368 1026 1629
239 1865 1026 1999
1732 2299 965 2499
2246 2124 1457 2272
385 1934 1171 1855
1633 2836 2435 2760
47 1333 801 1096
1770 2194 2509 2492
1509 1164 751 1413
1837 1586 2571 1886
3477 1741 2685 1578
826 2993 1572 2709
3534 1260 2787 1567
1524 2041 2321 1967
2923 1479 3692 1277
2721 1774 1939 1649
1876 2904 1153 2569
1652 2048 870 2212
651 2862 1385 2557
242 1021 1022 1158
661 1831 1455 1907
3237 1912 2454 1711
900 1983 156 1665
3104 1195 3822 1526
2135 1343 2890 1617
1243 2140 1978 1806
3501 2521 2725 2750
599 1151 1389 1305
1636 2247 2416 2107
785 2328 1563 2104
3592 1176 2862 1504
2463 3000 1692 2793
2325 2857 3084 2636
3107 1754 3180 2137
200 2085 313 2470
717 2811 880 2441
2126 1926 2038 2313
489 2072 582 2465
3345 2691 3506 2319
2940 2315 2863 2699
2916 2096 2862 2487
1102 2619 1013 2238
821 1540 661 1902
93 2272 212 2652
3342 1805 3376 2197
993 1730 862 2108
3520 2295 3609 1901
449 1568 342 1947
2900 1950 2814 2332
104 1290 259 1655
2080 2294 2170 2675
56 1275 208 1651
1302 1182 1420 1553
2802 1523 2763 1928
899 1065 999 1444
883 2382 982 1995
2578 1930 2444 2306
3902 1659 3840 1265
1405 1796 1360 1399
2173 2108 2088 1718
3783 2254 3842 1858
1196 1298 1307 1686
2093 2510 1993 2895
660 2567 725 2970
289 1038 124 1392
1358 2684 1467 2302
3849 2438 3777 2837
2151 1780 2242 1394
444 2142 529 2534
692 2008 548 1626
2449 1935 2565 1543
330 1145 201 1520
2222 2201 2126 2591
2437 2294 2499 2683
1465 1774 1376 2171
1152 1813 1001 2190
1526 2033 1490 1629
544 2292 632 2676
3468 2484 3597 2853
1238 2591 1126 2984
3681 1674 3822 2047
31 1029 167 1399
2571 1788 2512 1396
1260 2753 1117 2373
95 2672 195 2283
493 1779 540 1376
2363 1113 2282 1497
354 2443 296 2846
2674 2214 2619 2614
2178 1070 2254 1469
2579 2573 2423 2207
2518 1673 2348 1300
2430 2957 2559 2574
