PERM
31.5693 31.5693 8.19748
19.4854 19.4854 4.80547
19.4111 19.4111 4.7112
41.1897 41.1897 10.8355
31.9329 31.9329 7.94705
33.8541 33.8541 8.07967
43.4381 43.4381 10.4813
66.0959 66.0959 17.1211
49.9595 49.9595 11.4447
54.173 54.173 13.195
58.5849 58.5849 15.1934
89.7283 89.7283 23.8454
176.187 176.187 49.8047
189.546 189.546 51.7306
488.46 488.46 137.69
549.472 549.472 149.33
358.137 358.137 97.2537
436.581 436.581 121.462
335.652 335.652 87.3806
287.465 287.465 79.7866
7.49979 7.49979 0.822402
37.314 37.314 8.43043
90.5512 90.5512 20.3815
465.043 465.043 126.554
1084.39 1084.39 314.317
1008.67 1008.67 283.979
530.545 530.545 140.233
756.427 756.427 218.394
1150.63 1150.63 339.435
745.956 745.956 219.376
45.5042 45.5042 12.7174
35.8277 35.8277 8.95804
34.9547 34.9547 7.61194
37.6648 37.6648 5.3179
156.618 156.618 40.7529
113.994 113.994 22.3296
221.329 221.329 34.6885
545.667 545.667 58.2047
949.436 949.436 75.6269
542.648 542.648 100.524
29.1411 29.1411 6.20237
28.2649 28.2649 4.513
19.6537 19.6537 2.12576
18.9984 18.9984 1.4872
39.237 39.237 2.57003
129.416 129.416 20.3604
620.16 620.16 137.121
1986.99 1986.99 504.612
2699.75 2699.75 617.32
2115.73 2115.73 475.638
31.9799 31.9799 7.36086
40.0896 40.0896 8.48421
42.986 42.986 6.83094
135.621 135.621 31.0074
338.478 338.478 87.9809
552.926 552.926 143.786
1176.03 1176.03 284.975
2608.53 2608.53 651.062
2953.81 2953.81 721.234
2263.75 2263.75 575.918
122.436 122.436 35.5391
89.1927 89.1927 24.5832
86.8725 86.8725 21.1303
123.909 123.909 30.1095
350.039 350.039 98.5192
727.006 727.006 212.899
559.893 559.893 156.121
624.676 624.676 166.16
802.153 802.153 218.199
424.374 424.374 103.134
32.2536 32.2536 8.08611
38.7018 38.7018 9.42635
42.0605 42.0605 10.8122
37.6287 37.6287 9.57795
47.0343 47.0343 12.3307
57.0674 57.0674 14.8332
89.0293 89.0293 23.1058
39.9042 39.9042 8.22762
29.6435 29.6435 6.1357
22.1099 22.1099 3.54581
12.6748 12.6748 2.69814
20.1418 20.1418 5.31132
16.5097 16.5097 4.12132
43.3058 43.3058 12.0963
33.6441 33.6441 8.96081
15.7526 15.7526 3.75508
11.1776 11.1776 2.08844
15.1987 15.1987 3.34035
20.4784 20.4784 4.71097
11.0767 11.0767 1.53387
8.12334 8.12334 1.98146
4.13507 4.13507 0.679371
2.40089 2.40089 0.191344
3.9499 3.9499 0.782806
8.2722 8.2722 2.05696
9.38289 9.38289 2.20956
9.13478 9.13478 1.6618
16.2132 16.2132 3.39214
23.2418 23.2418 4.91634
49.6778 49.6778 13.0102
13.638 13.638 2.37639
32.8535 32.8535 8.56187
77.604 77.604 21.94
97.0564 97.0564 27.7311
94.8683 94.8683 26.8468
72.8919 72.8919 19.8075
73.6945 73.6945 19.7675
88.4125 88.4125 24.7138
109.074 109.074 30.3709
53.3936 53.3936 13.8166
62.7195 62.7195 17.0176
82.0684 82.0684 20.7478
239.264 239.264 65.1864
480.307 480.307 131.498
924.424 924.424 259.168
1719.95 1719.95 488.719
1991.3 1991.3 578.64
911.406 911.406 262.389
372.108 372.108 100.015
184.506 184.506 45.3814
157.766 157.766 45.7388
249.563 249.563 72.9619
458.946 458.946 132.385
389.296 389.296 104.875
914.959 914.959 249.648
1635.47 1635.47 458.333
1582.7 1582.7 443.798
691.703 691.703 177.123
456.444 456.444 114.292
347.345 347.345 90.9845
23.5736 23.5736 5.23369
81.9848 81.9848 23.0035
89.1604 89.1604 22.953
67.7989 67.7989 13.6967
110.079 110.079 24.2189
418.172 418.172 110.922
509.964 509.964 125.137
692.446 692.446 165.608
1412.34 1412.34 346.135
1331.38 1331.38 361.795
8.33804 8.33804 1.29848
23.6939 23.6939 5.31739
61.1711 61.1711 14.6755
131.419 131.419 34.9256
388.122 388.122 108.894
773.002 773.002 219.96
949.321 949.321 248.802
1028.82 1028.82 211.16
1086.19 1086.19 202.534
1413.34 1413.34 359.098
31.5299 31.5299 7.40935
32.2101 32.2101 5.70119
53.2859 53.2859 10.855
100.496 100.496 24.403
599.829 599.829 172.794
1401.67 1401.67 410.64
1688.22 1688.22 478.552
2526.65 2526.65 683.926
3211.8 3211.8 836.299
2509.19 2509.19 687.708
54.3773 54.3773 14.722
53.7748 53.7748 13.7041
60.971 60.971 13.7269
75.8173 75.8173 17.1188
163.471 163.471 42.0252
789.284 789.284 226.087
1062.1 1062.1 306.603
1013.01 1013.01 290.412
631.213 631.213 178.842
675.526 675.526 195.118
39.4582 39.4582 10.8296
22.3015 22.3015 4.82591
18.8975 18.8975 3.93787
20.6262 20.6262 3.58552
35.3837 35.3837 7.90687
106.414 106.414 26.9042
283.592 283.592 73.328
183.848 183.848 45.1975
104.886 104.886 24.7994
86.7151 86.7151 21.5332
42.4983 42.4983 12.1852
54.1671 54.1671 15.0746
22.4057 22.4057 4.65797
18.6042 18.6042 3.5082
17.5773 17.5773 3.39111
32.3598 32.3598 7.32354
36.4825 36.4825 8.26093
56.6404 56.6404 15.4481
50.8513 50.8513 14.0113
37.7411 37.7411 9.4081
41.142 41.142 11.4205
28.7752 28.7752 7.40304
12.9759 12.9759 2.9493
19.1 19.1 4.9058
18.6137 18.6137 4.81992
56.4064 56.4064 16.0499
106.141 106.141 31.1674
66.855 66.855 19.1849
80.5479 80.5479 23.2108
107.584 107.584 31.3327
17.0407 17.0407 3.34974
28.4857 28.4857 7.10988
25.9828 25.9828 6.61899
33.5173 33.5173 8.06372
27.4614 27.4614 6.0512
33.3598 33.3598 6.76546
49.6977 49.6977 12.1618
89.5954 89.5954 24.8141
56.7473 56.7473 15.0957
32.5072 32.5072 7.59206
48.9909 48.9909 10.7369
72.3241 72.3241 14.3473
109.712 109.712 25.8117
282.144 282.144 76.7906
482.123 482.123 134.14
409.789 409.789 110.616
308.81 308.81 80.8052
160.906 160.906 34.9478
142.994 142.994 31.2806
82.4193 82.4193 16.6907
26.9201 26.9201 3.85588
34.5426 34.5426 5.10905
79.262 79.262 15.819
116.5 116.5 27.8871
215.252 215.252 56.1083
522.174 522.174 145.272
466.824 466.824 123.448
449.051 449.051 122.572
435.75 435.75 114.886
687.619 687.619 197.876
29.1074 29.1074 6.60337
67.9401 67.9401 17.7008
104.1 104.1 27.8397
124.091 124.091 33.5302
190.302 190.302 52.139
241.476 241.476 63.1844
538.343 538.343 119.629
1269.67 1269.67 308.705
1800.16 1800.16 483.769
1476.11 1476.11 407.106
53.53 53.53 14.8361
110.573 110.573 31.6431
199.969 199.969 57.8038
118.263 118.263 31.9188
124.483 124.483 29.014
247.117 247.117 62.7671
538.567 538.567 130.526
1547.64 1547.64 384.383
2345.36 2345.36 550.942
3698.63 3698.63 1049.07
19.6121 19.6121 4.51916
23.3318 23.3318 5.4806
35.2595 35.2595 8.65825
37.8688 37.8688 8.88076
56.1454 56.1454 12.763
208.979 208.979 52.1346
394.866 394.866 103.917
846.692 846.692 210.302
2019.16 2019.16 555.512
1241.7 1241.7 337.041
15.2511 15.2511 3.37973
38.3227 38.3227 10.3213
89.9189 89.9189 26.0217
129.892 129.892 37.8698
220.335 220.335 63.5512
222.268 222.268 61.026
328.593 328.593 88.3926
356.921 356.921 92.821
246.604 246.604 60.5478
182.739 182.739 40.4667
44.2764 44.2764 11.7422
51.6175 51.6175 14.0539
97.6806 97.6806 28.1026
126.324 126.324 36.1709
196.422 196.422 56.4658
139.891 139.891 36.7912
141.853 141.853 33.4154
98.0914 98.0914 23.15
90.7002 90.7002 22.9586
69.3811 69.3811 16.7244
78.3916 78.3916 21.9959
304.117 304.117 90.0849
142.79 142.79 41.6754
97.2138 97.2138 28.4348
53.6547 53.6547 13.9475
61.1182 61.1182 16.4701
39.4901 39.4901 9.60413
79.5048 79.5048 22.0154
105.292 105.292 29.7029
42.8828 42.8828 11.1182
50.708 50.708 14.4406
37.8627 37.8627 10.4443
38.0238 38.0238 10.1069
53.3966 53.3966 15.4353
38.1359 38.1359 10.7914
30.1858 30.1858 8.17355
51.9291 51.9291 14.8371
75.6415 75.6415 21.7017
57.5248 57.5248 15.9512
47.2193 47.2193 13.3007
71.2594 71.2594 19.4025
48.9403 48.9403 13.2787
33.3743 33.3743 9.0868
38.061 38.061 10.6314
17.3824 17.3824 3.99438
12.6449 12.6449 2.61368
16.7165 16.7165 4.10786
14.9544 14.9544 3.0766
13.1503 13.1503 2.26474
15.2519 15.2519 3.29467
50.743 50.743 13.3344
49.1096 49.1096 13.7163
22.4038 22.4038 5.2981
10.9183 10.9183 1.36588
2.81953 2.81953 0.011432
1.38354 1.38354 0.000138354
0.583136 0.583136 5.83136e-05
1.1181 1.1181 0.00011181
1.52585 1.52585 0.00796672
3.24185 3.24185 0.146312
53.5527 53.5527 14.4901
18.3741 18.3741 4.53705
6.30354 6.30354 0.688262
6.08684 6.08684 0.601595
5.65194 5.65194 0.630144
2.16291 2.16291 0.0203582
3.09054 3.09054 0.403045
2.637 2.637 0.109358
3.27497 3.27497 0.139214
20.6888 20.6888 5.34645
30.0884 30.0884 8.03699
21.1841 21.1841 5.29603
10.352 10.352 1.47657
8.74137 8.74137 1.2554
10.7171 10.7171 1.13315
25.7903 25.7903 5.04415
25.3962 25.3962 2.50775
86.5335 86.5335 18.871
114.847 114.847 21.2391
45.5756 45.5756 5.85228
32.4299 32.4299 8.34472
59.8993 59.8993 16.4909
47.8471 47.8471 12.8356
33.4 33.4 8.00006
27.2245 27.2245 5.34351
56.4628 56.4628 9.61382
101.364 101.364 16.4713
203.463 203.463 40.695
261.442 261.442 52.1027
112.293 112.293 11.1731
32.2695 32.2695 8.2679
32.6771 32.6771 8.15248
29.9845 29.9845 6.92082
49.0976 49.0976 12.5656
82.1304 82.1304 20.9609
77.0778 77.0778 16.9355
258.209 258.209 58.4935
802.381 802.381 152.846
1447.78 1447.78 273.057
643.917 643.917 135.741
49.0882 49.0882 13.4914
134.721 134.721 38.9778
140.797 140.797 40.5348
84.69 84.69 22.9965
52.6219 52.6219 12.2505
74.2711 74.2711 17.0499
158.712 158.712 41.008
157.217 157.217 36.2642
291.536 291.536 76.5313
560.947 560.947 157.307
141.082 141.082 41.264
85.7412 85.7412 24.1603
100.162 100.162 28.4897
114.932 114.932 32.4394
163.825 163.825 45.9153
172.401 172.401 45.5577
243.07 243.07 63.6824
208.999 208.999 55.8758
166.649 166.649 46.23
118.78 118.78 31.9482
61.1348 61.1348 17.4362
67.3954 67.3954 19.2199
212.534 212.534 62.7049
190.554 190.554 56.2799
131.964 131.964 39.0036
173.206 173.206 50.3964
283.611 283.611 82.5513
447.118 447.118 132.068
333.377 333.377 98.1455
125.792 125.792 36.1146
27.1697 27.1697 7.10657
35.3486 35.3486 9.84684
31.657 31.657 8.79974
26.3767 26.3767 7.11592
30.4506 30.4506 8.26809
37.8342 37.8342 9.57986
396.973 396.973 117.583
290.95 290.95 84.8827
118.617 118.617 33.7826
60.7725 60.7725 16.7464
18.4376 18.4376 2.80394
10.1616 10.1616 1.87543
5.38082 5.38082 0.688932
8.84056 8.84056 1.15586
56.7317 56.7317 10.5783
123.471 123.471 10.1031
80.2345 80.2345 4.38533
66.4425 66.4425 8.38281
28.2656 28.2656 2.62486
5.34721 5.34721 0.966753
13.7088 13.7088 2.55841
5.63146 5.63146 1.28922
3.00993 3.00993 0.63569
21.1842 21.1842 4.46364
92.9071 92.9071 8.19642
82.3882 82.3882 4.82954
106.275 106.275 10.0701
44.271 44.271 3.26246
115.583 115.583 13.4046
82.0644 82.0644 10.9918
28.9813 28.9813 0.267153
1.76765 1.76765 0.0450492
0.374547 0.374547 0.0146668
94.7461 94.7461 3.57095
178.019 178.019 6.43319
213.327 213.327 24.9797
125.764 125.764 8.13612
144.339 144.339 5.27193
64.1193 64.1193 5.49917
74.5223 74.5223 11.8712
75.9567 75.9567 10.3281
72.1332 72.1332 11.2063
46.4945 46.4945 3.75635
32.3483 32.3483 8.30707
91.855 91.855 14.4348
320.506 320.506 37.0417
919.501 919.501 244.595
1029.95 1029.95 264.242
1255.84 1255.84 332.227
1894.32 1894.32 565.462
170.324 170.324 11.6837
343.296 343.296 11.7997
107.137 107.137 11.9207
142.373 142.373 24.3361
213.678 213.678 37.8202
349.328 349.328 38.0939
326.277 326.277 66.0346
747.45 747.45 193.299
1668.71 1668.71 436.275
1765.28 1765.28 517.162
30.8229 30.8229 4.33947
280.068 280.068 5.43736
233.693 233.693 28.7491
110.516 110.516 15.4324
82.4766 82.4766 5.75209
68.8224 68.8224 10.1204
201.375 201.375 31.9196
167.093 167.093 19.5552
255.841 255.841 63.3446
240.701 240.701 66.7567
6.61139 6.61139 0.928041
78.9339 78.9339 12.2254
102.344 102.344 11.3846
148.929 148.929 24.5281
58.6978 58.6978 12.1487
48.0324 48.0324 6.68886
228.983 228.983 26.5957
372.614 372.614 46.3092
194.484 194.484 13.5676
75.138 75.138 10.9823
8.2983 8.2983 1.63048
33.038 33.038 1.62639
90.2909 90.2909 8.25437
109.793 109.793 16.3759
74.0811 74.0811 7.30223
100.691 100.691 5.44079
119.818 119.818 5.70703
83.486 83.486 4.45811
160.16 160.16 19.275
99.3307 99.3307 18.8666
109.477 109.477 9.61017
45.298 45.298 5.53238
7.49336 7.49336 1.1158
11.7696 11.7696 2.02918
65.1624 65.1624 9.67397
94.7038 94.7038 15.1824
223.001 223.001 29.1354
115.098 115.098 22.5687
168.897 168.897 28.65
156.964 156.964 17.6447
49.2255 49.2255 5.9365
197.763 197.763 16.0569
17.5995 17.5995 1.83685
4.76289 4.76289 0.839153
23.3231 23.3231 5.57338
106.172 106.172 20.743
150.5 150.5 19.8839
127.678 127.678 20.998
209.008 209.008 37.6548
296.858 296.858 45.8794
293.057 293.057 12.0988
110.414 110.414 3.26152
155.872 155.872 14.2784
306.591 306.591 32.9999
268.32 268.32 29.0686
106.773 106.773 9.65358
306.184 306.184 22.1705
505.074 505.074 40.7997
362.005 362.005 43.9313
276.269 276.269 39.0468
165.078 165.078 8.8252
186.76 186.76 8.82621
59.0245 59.0245 10.4741
152.935 152.935 34.6922
735.213 735.213 96.5487
574.183 574.183 67.5085
382.72 382.72 19.89
291.167 291.167 17.0083
276.495 276.495 25.2966
161.24 161.24 8.56101
167.659 167.659 13.8782
62.6692 62.6692 6.45656
213.612 213.612 14.2305
392.477 392.477 27.4951
404.66 404.66 40.1141
404.055 404.055 42.7271
282.783 282.783 7.74155
269.03 269.03 39.6747
490.441 490.441 75.1379
581.492 581.492 33.8003
435.722 435.722 16.5661
438.027 438.027 13.5386
166.353 166.353 11.9116
170.687 170.687 10.0987
527.403 527.403 60.6093
335.529 335.529 16.7656
51.7336 51.7336 1.88443
44.1162 44.1162 6.21129
273.974 273.974 20.2577
168.623 168.623 3.55681
55.202 55.202 2.2183
325.782 325.782 27.9649
397.652 397.652 21.2844
413.163 413.163 26.7497
215.246 215.246 21.1566
493.717 493.717 45.8756
301.854 301.854 11.1269
28.0604 28.0604 0.00280604
56.5112 56.5112 0.0682551
73.0168 73.0168 5.02929
371.364 371.364 13.195
257.673 257.673 31.0357
298.069 298.069 34.5267
260.846 260.846 10.0148
220.038 220.038 9.07098
206.217 206.217 32.5791
328.065 328.065 33.6189
64.0864 64.0864 11.7114
46.9984 46.9984 4.67378
99.6158 99.6158 6.4874
108.907 108.907 10.5234
199.258 199.258 12.1092
214.76 214.76 14.8023
218.9 218.9 16.4524
142.115 142.115 17.6575
199.448 199.448 11.8412
122.913 122.913 10.8166
65.5688 65.5688 4.87166
139.925 139.925 16.4117
425.769 425.769 23.5663
252.247 252.247 8.11796
163.984 163.984 17.1474
224.784 224.784 35.3335
118.443 118.443 14.0658
121.131 121.131 11.7555
69.9645 69.9645 8.68945
84.0445 84.0445 9.45708
87.0653 87.0653 19.5361
135.352 135.352 37.3151
211.944 211.944 6.79435
334.066 334.066 44.1049
268.243 268.243 27.528
66.8873 66.8873 10.44
4.25354 4.25354 0.649029
29.753 29.753 1.91445
41.5384 41.5384 2.15904
101.687 101.687 16.889
124.319 124.319 6.57043
155.842 155.842 15.205
144.073 144.073 9.40514
468.69 468.69 38.226
197.012 197.012 7.55209
50.5533 50.5533 6.04097
3.16894 3.16894 0.156567
0.179122 0.179122 1.79122e-05
39.5751 39.5751 1.62462
93.6919 93.6919 5.62542
234.297 234.297 6.17887
64.4894 64.4894 3.03741
297.185 297.185 5.83224
30.0233 30.0233 0.90802
57.6834 57.6834 2.92178
102.838 102.838 7.56327
182.289 182.289 43.9215
74.9962 74.9962 5.10769
328.876 328.876 37.9021
456.149 456.149 65.5281
385.628 385.628 19.3286
427.189 427.189 27.5631
464.131 464.131 23.2114
52.3357 52.3357 6.02091
124.86 124.86 4.53572
48.9791 48.9791 5.76881
328.403 328.403 37.9302
475.453 475.453 46.8424
429.748 429.748 15.3053
238.737 238.737 15.3859
229.803 229.803 26.2478
336.148 336.148 30.0854
346.403 346.403 38.1054
99.9264 99.9264 2.64851
820.02 820.02 74.4649
365.404 365.404 7.98185
401.212 401.212 14.7181
333.239 333.239 12.6171
342.122 342.122 19.1504
340.915 340.915 12.9456
273.569 273.569 28.797
168.02 168.02 14.879
401.425 401.425 24.3763
17.0914 17.0914 0.787432
128.458 128.458 4.92266
236.043 236.043 13.3651
354.226 354.226 32.5934
513.887 513.887 98.1202
256.625 256.625 21.8348
85.5926 85.5926 5.68085
178.329 178.329 8.79448
224.444 224.444 20.7781
558.485 558.485 66.1052
249.578 249.578 10.9777
516.92 516.92 32.8737
232.618 232.618 28.5422
391.026 391.026 64.7429
558.308 558.308 64.1868
282.826 282.826 12.3293
357.278 357.278 9.74521
254.211 254.211 21.9285
450.953 450.953 71.7585
248.324 248.324 34.0572
203.304 203.304 13.8198
331.64 331.64 17.6265
163.532 163.532 12.7394
191.864 191.864 16.3179
235.851 235.851 8.64612
347.776 347.776 27.1144
295.706 295.706 30.3407
735.638 735.638 91.5148
908.226 908.226 203.022
242.527 242.527 50.2737
139.655 139.655 14.1724
147.107 147.107 16.3603
135.088 135.088 6.04924
121.85 121.85 3.53137
394.309 394.309 63.8431
334.511 334.511 52.5843
308.238 308.238 18.342
434.156 434.156 11.3164
775.456 775.456 29.274
358.207 358.207 39.5457
326.933 326.933 45.0613
298.376 298.376 30.8763
104.95 104.95 7.92233
18.2466 18.2466 0.799572
62.9874 62.9874 9.97182
258.058 258.058 52.8316
126.863 126.863 12.6225
563.297 563.297 37.8235
625.529 625.529 28.4695
225.187 225.187 19.544
129.018 129.018 12.3466
264.541 264.541 38.1504
398.279 398.279 58.1389
385.338 385.338 32.2024
294.662 294.662 11.0204
563.097 563.097 21.2028
1125 1125 11.2807
824 824 38.3011
246.714 246.714 17.9708
246.068 246.068 21.1556
96.8121 96.8121 15.5123
85.7419 85.7419 8.29039
243.388 243.388 32.1924
191.029 191.029 22.6586
128.229 128.229 12.8067
169.614 169.614 4.81025
459.644 459.644 7.40601
484.179 484.179 50.3623
331.329 331.329 54.9674
182.549 182.549 18.3895
116.36 116.36 13.283
349.476 349.476 42.0543
423.505 423.505 22.2831
446.91 446.91 30.4427
383.315 383.315 43.0685
332.855 332.855 25.8303
308.348 308.348 28.9805
103.097 103.097 7.16454
102.905 102.905 8.45756
211.781 211.781 1.887
102.951 102.951 3.13977
134.751 134.751 4.26556
442.227 442.227 29.2889
444.731 444.731 54.839
567.133 567.133 68.4514
695.642 695.642 89.9622
480.557 480.557 60.3286
68.7255 68.7255 6.139
75.4939 75.4939 1.95809
49.5598 49.5598 2.9244
224.955 224.955 21.1204
261.633 261.633 16.6157
352.969 352.969 14.4475
320.94 320.94 28.6058
719.679 719.679 52.9721
201.974 201.974 25.9897
428.399 428.399 33.5375
402.765 402.765 46.5801
205.566 205.566 7.48099
153.979 153.979 11.7123
157.448 157.448 15.1519
503.854 503.854 22.6205
296.505 296.505 40.3838
164.168 164.168 7.39363
178.1 178.1 18.5697
417.433 417.433 35.7843
396.532 396.532 47.5998
367.566 367.566 30.3279
220.633 220.633 14.8656
343.334 343.334 20.7923
216.173 216.173 32.5187
308.644 308.644 38.266
303.06 303.06 19.9426
263.368 263.368 20.8824
193.869 193.869 5.56483
411.948 411.948 40.1142
685.699 685.699 74.7761
415.732 415.732 14.7487
296.644 296.644 19.2246
550.804 550.804 49.1987
159.755 159.755 13.6619
397.692 397.692 42.2707
261.728 261.728 8.44751
255.595 255.595 7.67308
165.374 165.374 5.4717
331.177 331.177 11.827
327.127 327.127 44.9574
999.608 999.608 213.185
781.023 781.023 186.128
227.822 227.822 38.0672
320.24 320.24 68.5005
238.814 238.814 21.0146
437.718 437.718 49.2079
272.006 272.006 27.1576
217.08 217.08 31.4526
118.587 118.587 4.98855
676.687 676.687 66.9592
820.981 820.981 140.473
937.107 937.107 185.014
345.06 345.06 33.1182
394.245 394.245 36.5182
397.554 397.554 46.93
330.19 330.19 34.8793
223.483 223.483 24.7422
117.175 117.175 3.72703
121.305 121.305 8.99749
238.266 238.266 19.0228
350.848 350.848 11.9689
391.608 391.608 22.87
887.644 887.644 122.476
480.751 480.751 67.8006
323.96 323.96 17.7474
125.491 125.491 5.13441
61.3993 61.3993 5.46823
80.4955 80.4955 4.86717
231.061 231.061 13.9985
107.753 107.753 9.94974
172.211 172.211 21.8484
487.352 487.352 32.9541
498.718 498.718 26.174
667.509 667.509 55.2764
350.104 350.104 30.9946
217.946 217.946 22.1902
168.216 168.216 15.6704
127.951 127.951 15.956
340.158 340.158 72.418
264.915 264.915 49.5438
117.108 117.108 18.6778
69.2953 69.2953 8.74286
305.937 305.937 33.4681
214.58 214.58 11.7485
351.631 351.631 23.777
236.431 236.431 16.922
220.033 220.033 11.163
322.189 322.189 16.5919
345.932 345.932 31.2839
240.706 240.706 4.86691
495.954 495.954 3.13336
235.525 235.525 19.3644
395.996 395.996 39.0354
277.88 277.88 17.444
278.385 278.385 19.0347
404.474 404.474 58.037
356.555 356.555 48.3018
468.659 468.659 43.2711
847.678 847.678 186.833
217.314 217.314 29.6993
558.21 558.21 23.8396
258.212 258.212 8.35062
85.0195 85.0195 1.92494
209.508 209.508 31.1684
145.442 145.442 15.5206
208.774 208.774 19.7038
246.768 246.768 20.0846
378.654 378.654 61.6558
362.481 362.481 53.4305
594.833 594.833 80.7286
306.65 306.65 16.3717
304.214 304.214 24.0631
133.812 133.812 7.96654
234.152 234.152 42.6892
444.777 444.777 50.3968
559.266 559.266 52.1677
743.665 743.665 42.2154
468.588 468.588 45.2302
230.821 230.821 22.8811
206.638 206.638 16.348
603.597 603.597 71.8707
1330.9 1330.9 196.509
656.561 656.561 80.4797
277.345 277.345 39.4096
288.237 288.237 25.3025
238.776 238.776 23.1052
291.819 291.819 26.4103
379.903 379.903 19.6193
345.816 345.816 35.2954
521.555 521.555 25.7649
305.042 305.042 20.4961
403.682 403.682 8.14493
209.048 209.048 9.92429
481.691 481.691 14.5369
566.881 566.881 3.56645
85.6901 85.6901 1.33148
91.4003 91.4003 0.749641
240.224 240.224 6.77173
355.491 355.491 33.4933
814.706 814.706 66.509
648.879 648.879 86.4825
662.324 662.324 56.2539
315.32 315.32 4.95729
68.6704 68.6704 10.1359
39.7102 39.7102 2.72104
20.1127 20.1127 3.75619
0.16559 0.16559 1.6559e-05
18.0956 18.0956 1.78915
264.781 264.781 7.26446
332.945 332.945 10.9254
603.674 603.674 73.3153
437.944 437.944 29.4658
262.43 262.43 24.5579
176.642 176.642 25.635
183.577 183.577 9.25266
20.6453 20.6453 0.00206453
0.0900841 0.0900841 9.00841e-06
103.638 103.638 7.92328
149.351 149.351 12.4169
293.75 293.75 6.41407
474.882 474.882 69.3695
404.159 404.159 44.198
460.832 460.832 35.7931
44.8077 44.8077 9.21945
12.2035 12.2035 0.503832
1.9825 1.9825 0.00019825
0.0669794 0.0669794 6.69794e-06
103.67 103.67 12.3636
147.033 147.033 13.9214
79.0155 79.0155 5.20329
201.942 201.942 4.4603
458.456 458.456 36.6934
1169.59 1169.59 49.705
100.167 100.167 21.4871
13.8583 13.8583 1.75618
1.15919 1.15919 0.109791
0.0968573 0.0968573 9.68573e-06
13.057 13.057 3.57398
150.92 150.92 25.2853
212.431 212.431 13.1195
174.708 174.708 15.4598
480.798 480.798 18.5493
407.752 407.752 21.0404
18.4165 18.4165 0.907766
51.1443 51.1443 1.3786
165.766 165.766 15.5696
684.471 684.471 134.529
1234.38 1234.38 127.953
907.317 907.317 102.629
89.8804 89.8804 5.62599
146.876 146.876 6.92337
62.5337 62.5337 6.66326
79.9451 79.9451 14.2038
11.6039 11.6039 1.92035
139.913 139.913 5.31031
177.296 177.296 13.5545
323.745 323.745 35.7692
1550.73 1550.73 265.946
1997.25 1997.25 245.855
384.816 384.816 44.9038
95.7139 95.7139 3.92535
96.0963 96.0963 6.93426
16.3456 16.3456 0.740974
63.3492 63.3492 1.81996
64.6426 64.6426 8.19703
136.244 136.244 8.128
519.639 519.639 41.3265
1419.89 1419.89 124.879
1436.7 1436.7 163.186
1343.34 1343.34 232.135
188.808 188.808 19.8473
237.956 237.956 16.3303
58.3333 58.3333 3.14065
5.5271 5.5271 0.00055271
5.50957 5.50957 0.918947
49.0885 49.0885 1.60346
181.396 181.396 16.5571
876.935 876.935 62.8237
874.918 874.918 67.2305
456.972 456.972 35.2663
468.804 468.804 65.433
338.389 338.389 55.1192
34.2986 34.2986 3.40312
0.159391 0.159391 1.59391e-05
9.64694 9.64694 0.196706
70.9449 70.9449 7.68591
208.735 208.735 17.1163
476.941 476.941 17.2419
616.57 616.57 21.7086
973.885 973.885 17.8079
406.592 406.592 35.4591
339.247 339.247 27.4437
130.004 130.004 11.8109
44.5192 44.5192 7.87416
0.456301 0.456301 4.56301e-05
35.5131 35.5131 0.179878
86.7564 86.7564 5.89768
189.14 189.14 8.85431
422.627 422.627 48.9996
229.102 229.102 29.7694
558.999 558.999 86.4213
1052.87 1052.87 185.042
314.221 314.221 36.1628
15.4491 15.4491 1.90303
0.301184 0.301184 3.01184e-05
10.9063 10.9063 0.0498953
13.4957 13.4957 2.41437
308.08 308.08 30.5684
486.023 486.023 27.6291
286.773 286.773 18.2375
218.124 218.124 9.58387
260.983 260.983 16.3102
418.206 418.206 53.9928
98.2899 98.2899 7.78729
82.9084 82.9084 7.08032
19.5161 19.5161 0.641973
132.622 132.622 19.8356
274.711 274.711 62.3666
314.638 314.638 53.4425
204.038 204.038 25.4998
190.155 190.155 32.5143
220.759 220.759 17.4839
269.417 269.417 22.9998
150.77 150.77 15.7021
404.46 404.46 60.1243
107.459 107.459 10.0727
109.353 109.353 3.96897
257.88 257.88 7.2721
154.026 154.026 17.8927
208.196 208.196 11.6675
239.111 239.111 25.7344
373.171 373.171 21.1197
246.216 246.216 33.5089
304.608 304.608 10.3013
515.212 515.212 73.7459
243.816 243.816 41.4364
39.1869 39.1869 2.25901
82.1616 82.1616 6.03405
210.907 210.907 22.0464
229.534 229.534 18.5908
194.513 194.513 15.9144
177.452 177.452 9.51525
159.749 159.749 15.7121