PORO
0.121552
0.111707
0.121473
0.134117
0.130158
0.130802
0.145078
0.161236
0.157239
0.153213
0.13851
0.1247
0.135122
0.134881
0.138131
0.154112
0.150674
0.152542
0.162168
0.161943
0.0928835
0.11132
0.144146
0.164169
0.176563
0.178536
0.183134
0.200756
0.210974
0.197975
0.104422
0.110258
0.12805
0.128511
0.145721
0.147781
0.160572
0.170903
0.179945
0.185081
0.13148
0.127992
0.115486
0.102744
0.122599
0.142943
0.168716
0.190233
0.209604
0.208366
0.133302
0.14089
0.149127
0.168375
0.179184
0.193333
0.189536
0.192913
0.201046
0.199229
0.144538
0.142575
0.151019
0.167356
0.186818
0.210434
0.206342
0.195994
0.192081
0.174148
0.140446
0.15669
0.158317
0.147824
0.155367
0.158134
0.160077
0.143371
0.126514
0.114621
0.123292
0.128546
0.130789
0.136464
0.129737
0.118338
0.114559
0.108922
0.106657
0.0935954
0.111019
0.105467
0.0895099
0.0868078
0.0980265
0.102727
0.116264
0.124681
0.127154
0.134835
0.123925
0.144669
0.156055
0.150128
0.143058
0.141664
0.151639
0.14129
0.130408
0.132336
0.1355
0.162612
0.182462
0.189725
0.195443
0.2087
0.21221
0.208493
0.195111
0.177571
0.158756
0.170619
0.179479
0.184191
0.198891
0.214352
0.230898
0.213507
0.203662
0.196474
0.137854
0.160359
0.158773
0.156542
0.167482
0.181573
0.186011
0.209331
0.220736
0.219071
0.103702
0.126839
0.145717
0.164401
0.189789
0.203414
0.198706
0.19345
0.192474
0.200369
0.131832
0.134228
0.143332
0.149727
0.168754
0.191568
0.19676
0.204555
0.219481
0.221049
0.127596
0.127001
0.121972
0.124605
0.141902
0.161414
0.179665
0.191717
0.198056
0.198188
0.118052
0.10582
0.106398
0.106092
0.112937
0.13938
0.169041
0.175108
0.170882
0.174229
0.118313
0.126338
0.125912
0.124852
0.131539
0.139646
0.14575
0.155718
0.158338
0.164831
0.135485
0.125298
0.109959
0.12541
0.147241
0.156443
0.154771
0.167144
0.166808
0.167276
0.134579
0.134443
0.131333
0.137361
0.131764
0.146953
0.144937
0.14038
0.134458
0.134002
0.145512
0.158481
0.158689
0.163405
0.165352
0.187753
0.174385
0.16368
0.156307
0.146168
0.125549
0.137889
0.145365
0.15087
0.166803
0.177877
0.187498
0.192553
0.186867
0.189497
0.129396
0.145596
0.154505
0.158164
0.156277
0.171592
0.189148
0.205612
0.209816
0.207569
0.155282
0.154297
0.149221
0.148298
0.150518
0.16586
0.181365
0.185549
0.202526
0.225984
0.130498
0.136964
0.141024
0.141191
0.132409
0.147366
0.164865
0.187637
0.198023
0.191251
0.132011
0.146756
0.16014
0.171757
0.177899
0.173098
0.173074
0.16547
0.154785
0.151851
0.139882
0.154662
0.157357
0.158371
0.167597
0.162882
0.155068
0.149712
0.151144
0.14295
0.158867
0.16634
0.166093
0.165238
0.15488
0.158797
0.151278
0.161128
0.159168
0.146923
0.142186
0.14721
0.149344
0.15037
0.145936
0.146203
0.159878
0.168864
0.157654
0.158507
0.158487
0.15499
0.15753
0.1634
0.147979
0.127755
0.132477
0.136541
0.130874
0.130575
0.156063
0.146502
0.144545
0.141711
0.115757
0.0888852
0.0789908
0.0928703
0.0992468
0.117705
0.129808
0.129154
0.129351
0.132972
0.125891
0.106854
0.0961503
0.0957825
0.0957254
0.111884
0.116011
0.123989
0.114351
0.115574
0.123676
0.129901
0.122644
0.117875
0.113678
0.111667
0.133714
0.141634
0.129036
0.12636
0.131273
0.133805
0.152315
0.169709
0.160557
0.147126
0.121004
0.119438
0.115751
0.121719
0.140508
0.146704
0.162781
0.177762
0.18366
0.18746
0.121847
0.11589
0.122414
0.127568
0.125799
0.141626
0.153153
0.161788
0.176577
0.190922
0.153963
0.156985
0.159428
0.171691
0.172437
0.186169
0.180746
0.184856
0.177183
0.169938
0.1502
0.150963
0.179853
0.196595
0.193291
0.199314
0.188159
0.17826
0.167321
0.144178
0.163028
0.169287
0.171441
0.158205
0.156012
0.154666
0.166585
0.156203
0.143015
0.127559
0.110255
0.102592
0.0970223
0.0963452
0.1198
0.147283
0.150606
0.138568
0.108134
0.10526
0.0910879
0.0843849
0.0911458
0.10092
0.143037
0.115225
0.125427
0.120001
0.124852
0.110502
0.085349
0.0893792
0.0701905
0.0849741
0.119788
0.14506
0.152692
0.135529
0.118431
0.15572
0.116369
0.0997479
0.0921037
0.0922618
0.113837
0.132134
0.197816
0.181479
0.158915
0.143186
0.116032
0.138355
0.128783
0.137748
0.168345
0.158971
0.13568
0.129184
0.1506
0.129802
0.11062
0.117437
0.157722
0.15593
0.112799
0.112734
0.114919
0.111751
0.120569
0.108688
0.0928653
0.092307
0.1167
0.150161
0.147259
0.132189
0.146877
0.123518
0.118033
0.122151
0.096052
0.0921764
0.128881
0.133712
0.135153
0.167574
0.144285
0.154509
0.148964
0.116711
0.0947069
0.10699
0.0922739
0.0888963
0.123854
0.134998
0.153476
0.165175
0.159525
0.119115
0.103085
0.128388
0.0970309
0.0873316
0.0934387
0.144115
0.155187
0.144469
0.117338
0.134344
0.145368
0.117675
0.0964568
0.133112
0.140657
0.16935
0.165187
0.161786
0.13883
0.154884
0.104659
0.0896874
0.098577
0.116198
0.181617
0.168769
0.163383
0.148315
0.12322
0.128998
0.10368
0.105418
0.128805
0.131599
0.136203
0.153506
0.118947
0.11447
0.134742
0.140886
0.1081
0.117548
0.119686
0.120394
0.147526
0.131787
0.0857505
0.073587
0.0769009
0.108521
0.0877136
0.102833
0.135373
0.175056
0.154328
0.118501
0.112206
0.0746055
0.0898617
0.0881577
0.127291
0.150924
0.153214
0.160898
0.123021
0.0907702
0.0859535
0.075292
0.0837748
0.1062
0.109874
0.135623
0.147475
0.158354
0.120077
0.0980205
0.101833
0.0917218
0.110569
0.135825
0.136651
0.139991
0.136078
0.120325
0.0979301
0.0971548
0.0980916
0.105869
0.0776978
0.0978727
0.146219
0.150124
0.0976898
0.0668809
0.0937008
0.0876998
0.082626
0.10769
0.0987865
0.100271
0.116465
0.12126
0.0812617
0.0607413
0.0724679
0.0949862
0.0980972
0.112663
0.0979108
0.130809
0.092856
0.105765
0.122053
0.12245
0.0894648
0.147586
0.17884
0.203408
0.174963
0.169825
0.102179
0.105588
0.112431
0.132874
0.161667
0.172993
0.164081
0.139035
0.152084
0.135328
0.0867673
0.125255
0.126165
0.143209
0.148081
0.153056
0.172752
0.154783
0.128367
0.145396
0.0660856
0.114473
0.136299
0.166586
0.156541
0.149377
0.137606
0.160447
0.161844
0.164118
0.117013
0.135927
0.144381
0.170773
0.161477
0.146856
0.141852
0.126486
0.14839
0.144543
0.157459
0.164779
0.128088
0.123297
0.147002
0.176907
0.172054
0.147509
0.167855
0.129817
0.133242
0.136071
0.119191
0.0894023
0.146923
0.157425
0.158919
0.150961
0.149149
0.152236
0.141902
0.128227
0.0966937
0.0630232
0.0906969
0.155834
0.152522
0.160066
0.14866
0.115305
0.129545
0.127044
0.129431
0.102586
0.107979
0.173165
0.184843
0.162222
0.131956
0.105522
0.111545
0.104544
0.133346
0.12404
0.141406
0.145458
0.134416
0.164724
0.122909
0.154146
0.120433
0.15731
0.186071
0.183571
0.159597
0.173707
0.138439
0.13253
0.107988
0.104872
0.115783
0.126196
0.164208
0.169564
0.185785
0.176969
0.169869
0.120578
0.135172
0.0959194
0.0983383
0.121232
0.146143
0.160675
0.165653
0.140096
0.13025
0.125931
0.119271
0.12515
0.0843985
0.139172
0.137606
0.1523
0.144032
0.139603
0.16119
0.167486
0.147382
0.104588
0.12591
0.119403
0.151938
0.14997
0.125711
0.162885
0.166271
0.151529
0.150814
0.166433
0.12634
0.142509
0.137551
0.136138
0.122703
0.154933
0.17977
0.176358
0.166799
0.157142
0.131151
0.139413
0.153435
0.163338
0.130968
0.124696
0.151944
0.182074
0.166398
0.155079
0.146046
0.182813
0.159597
0.140994
0.0925883
0.130228
0.131452
0.155299
0.14538
0.16829
0.179073
0.167883
0.116884
0.083375
0.0867902
0.122889
0.0881673
0.118258
0.152594
0.168447
0.182597
0.175723
0.135939
0.117148
0.123847
0.144492
0.108911
0.099893
0.0891095
0.128017
0.185299
0.170701
0.145045
0.123213
0.105624
0.166098
0.147337
0.152469
0.156366
0.120882
0.156282
0.171152
0.151155
0.136609
0.157571
0.148929
0.164339
0.176724
0.128649
0.0833647
0.14138
0.120022
0.129045
0.145907
0.156337
0.168678
0.197685
0.167982
0.157967
0.114778
0.131926
0.160189
0.148993
0.161361
0.13852
0.135444
0.154648
0.157178
0.169862
0.142053
0.124941
0.133619
0.111658
0.139222
0.120722
0.135638
0.155593
0.179752
0.160316
0.103232
0.126924
0.131865
0.0703053
0.0853864
0.126506
0.141904
0.150653
0.170776
0.162096
0.173333
0.089124
0.0942518
0.0803548
0.0765077
0.0907613
0.12482
0.14779
0.157559
0.169212
0.188392
0.113469
0.0968617
0.0668815
0.0698956
0.0934493
0.113668
0.136091
0.155605
0.170291
0.16633
0.0833478
0.0717434
0.0671489
0.0691434
0.0878427
0.131375
0.124483
0.126104
0.160944
0.165742
0.0830184
0.0744878
0.064469
0.0982363
0.0959125
0.114975
0.147725
0.138878
0.140021
0.165871
0.0784208
0.0979374
0.142187
0.167908
0.172267
0.161097
0.0965956
0.099141
0.111892
0.113063
0.0704962
0.0934588
0.130175
0.162719
0.1937
0.184936
0.117666
0.109537
0.102636
0.0744926
0.0889657
0.0977861
0.103695
0.139272
0.186398
0.180499
0.18819
0.135662
0.138384
0.0992696
0.0748435
0.0765784
0.0900559
0.13791
0.163763
0.183038
0.203655
0.186275
0.147911
0.0903076
0.052533
0.0698036
0.0986309
0.117088
0.129263
0.177306
0.182843
0.177257
0.165741
0.11636
0.0795192
0.0749666
0.0842166
0.0957675
0.127673
0.159183
0.17724
0.163663
0.15608
0.154688
0.0805826
0.0608135
0.0588513
0.063427
0.120642
0.169198
0.152656
0.14539
0.163634
0.147557
0.121556
0.0982083
0.0681329
0.0837699
0.106315
0.14015
0.157446
0.144043
0.141481
0.130766
0.115926
0.097014
0.0968888
0.110933
0.120566
0.139737
0.156786
0.146925
0.144779
0.141957
0.127997
0.123517
0.104622
0.0876174
0.0974103
0.138155
0.155894
0.132881
0.131973
0.137569