YOUNG
1.05489
1.0886
1.05516
1.01188
1.02543
1.02323
0.974356
0.919041
0.932724
0.946506
0.996841
1.04412
1.00844
1.00926
0.998138
0.943427
0.955199
0.948803
0.91585
0.916621
1.15304
1.08992
0.977547
0.908998
0.86657
0.859815
0.844075
0.783749
0.74877
0.793268
1.11354
1.09356
1.03265
1.03107
0.972155
0.965102
0.921312
0.885949
0.854994
0.837411
1.02091
1.03285
1.07566
1.11928
1.05131
0.981664
0.893435
0.819773
0.75346
0.757697
1.01467
0.988691
0.960494
0.894601
0.857599
0.809161
0.822161
0.810597
0.782758
0.788976
0.976205
0.982924
0.954016
0.898089
0.831465
0.750617
0.764627
0.80005
0.813446
0.874838
0.990214
0.934604
0.929033
0.964953
0.939132
0.929659
0.92301
0.980201
1.03791
1.07862
1.04894
1.03095
1.02327
1.00385
1.02687
1.0659
1.07883
1.09813
1.10588
1.1506
1.09095
1.10996
1.16459
1.17384
1.13543
1.11934
1.073
1.04418
1.03572
1.00942
1.04677
0.975755
0.936778
0.957066
0.98127
0.986042
0.951894
0.987323
1.02458
1.01798
1.00714
0.914331
0.846375
0.821512
0.801939
0.756554
0.744539
0.757263
0.803074
0.86312
0.92753
0.886918
0.856588
0.840458
0.790133
0.737204
0.680561
0.740097
0.773802
0.798407
0.999084
0.922041
0.927472
0.935109
0.897657
0.849421
0.834226
0.754395
0.715352
0.721049
1.116
1.0368
0.972169
0.908204
0.821293
0.774649
0.790767
0.808759
0.8121
0.785073
1.0197
1.0115
0.980334
0.958439
0.893305
0.815204
0.797428
0.770743
0.719646
0.714279
1.0342
1.03624
1.05345
1.04444
0.985228
0.918431
0.855952
0.814692
0.792993
0.792542
1.06688
1.10875
1.10677
1.10782
1.08439
0.993862
0.892322
0.871553
0.886017
0.874559
1.06598
1.03851
1.03997
1.0436
1.0207
0.992952
0.972056
0.937932
0.928961
0.906732
1.00719
1.04207
1.09458
1.04169
0.966949
0.93545
0.941171
0.898814
0.899967
0.898363
1.0103
1.01076
1.02141
1.00077
1.01994
0.967936
0.974839
0.990437
1.01071
1.01227
0.972869
0.928472
0.927761
0.911616
0.904952
0.828263
0.874025
0.910674
0.935913
0.970623
1.04121
0.998966
0.973372
0.954529
0.899982
0.862072
0.829136
0.811829
0.831295
0.822293
1.02804
0.972583
0.942083
0.929556
0.936018
0.883587
0.823488
0.767127
0.752734
0.760426
0.939424
0.942797
0.960172
0.963331
0.955731
0.903211
0.850132
0.835808
0.777688
0.697384
1.02427
1.00213
0.988232
0.987661
1.01773
0.966524
0.906616
0.82866
0.793107
0.816287
1.01909
0.968612
0.922792
0.883023
0.861998
0.878431
0.878516
0.904546
0.941126
0.951168
0.992145
0.941547
0.932321
0.928847
0.897266
0.913407
0.940155
0.95849
0.953588
0.98164
0.927152
0.901567
0.902413
0.905341
0.940801
0.92739
0.953131
0.91941
0.926122
0.968039
0.984254
0.967057
0.959753
0.95624
0.971419
0.970503
0.923691
0.892927
0.931303
0.928382
0.928451
0.940422
0.931728
0.911631
0.964424
1.03366
1.01749
1.00358
1.02298
1.024
0.936748
0.96948
0.976181
0.985883
1.07473
1.16672
1.2006
1.15308
1.13125
1.06806
1.02663
1.02887
1.02819
1.0158
1.04004
1.10521
1.14185
1.14311
1.14331
1.08799
1.07386
1.04655
1.07955
1.07536
1.04762
1.02631
1.05116
1.06748
1.08185
1.08873
1.01326
0.986144
1.02927
1.03843
1.02161
1.01295
0.949581
0.890034
0.921365
0.967343
1.05677
1.06213
1.07475
1.05432
0.990002
0.968789
0.913751
0.862465
0.842275
0.829266
1.05388
1.07428
1.05194
1.0343
1.04036
0.986171
0.946712
0.917153
0.866522
0.817415
0.943939
0.933592
0.925231
0.883248
0.880697
0.833687
0.852249
0.838182
0.864447
0.88925
0.956821
0.954209
0.855307
0.797993
0.809305
0.788686
0.826872
0.860761
0.898209
0.977435
0.912907
0.89148
0.884104
0.929418
0.936925
0.941533
0.900727
0.936269
0.981417
1.03433
1.09357
1.1198
1.13887
1.14119
1.06089
0.966806
0.95543
0.996642
1.10083
1.11067
1.15918
1.18213
1.15899
1.12553
0.981343
1.07655
1.04163
1.0602
1.0436
1.09272
1.17883
1.16503
1.23072
1.18011
1.06093
0.974415
0.94829
1.00705
1.06558
0.937925
1.07264
1.12954
1.15571
1.15516
1.08131
1.01867
0.793815
0.84974
0.926987
0.980832
1.07379
0.997369
1.03014
0.999449
0.894703
0.926796
1.00653
1.02877
0.955453
1.02665
1.09232
1.06898
0.93107
0.937205
1.08486
1.08508
1.0776
1.08844
1.05826
1.09893
1.1531
1.15501
1.0715
0.956954
0.966889
1.01848
0.968196
1.04816
1.06694
1.05284
1.14219
1.15546
1.0298
1.01326
1.00833
0.897343
0.977069
0.942068
0.961052
1.07147
1.14679
1.10474
1.15512
1.16669
1.04701
1.00886
0.945606
0.905556
0.9249
1.06324
1.11811
1.03149
1.13884
1.17204
1.15114
0.97765
0.939749
0.97644
1.06932
1.0111
0.973361
1.06817
1.1408
1.01532
0.989489
0.891263
0.905514
0.917157
0.995746
0.940787
1.11272
1.16398
1.13355
1.07322
0.849269
0.893253
0.911692
0.963274
1.04918
1.0294
1.11607
1.11013
1.03006
1.0205
1.00474
0.945502
1.06381
1.07914
1.00974
0.988707
1.10094
1.0686
1.06128
1.05886
0.965973
1.01986
1.17746
1.2191
1.20775
1.0995
1.17073
1.11897
1.00758
0.871731
0.94269
1.06534
1.08689
1.21561
1.16338
1.16921
1.03525
0.954344
0.946505
0.920199
1.04986
1.16027
1.17676
1.21326
1.18422
1.10745
1.09487
1.00672
0.966149
0.928905
1.05994
1.13545
1.1224
1.15701
1.09249
1.00603
1.00321
0.991772
1.00517
1.05909
1.13576
1.13841
1.13521
1.10858
1.20502
1.13596
0.970449
0.95708
1.13658
1.24205
1.15024
1.17078
1.18815
1.10235
1.13283
1.12775
1.07231
1.05589
1.19282
1.26307
1.22293
1.14584
1.13519
1.08533
1.13583
1.0232
1.15313
1.10894
1.05318
1.05182
1.16474
0.965768
0.858774
0.774671
0.872047
0.889638
1.12121
1.10954
1.08612
1.01613
0.917566
0.878793
0.909301
0.995042
0.950372
1.00773
1.17397
1.04222
1.0391
0.980752
0.964074
0.947043
0.879616
0.941132
1.03156
0.973268
1.24478
1.07913
1.00441
0.900724
0.935112
0.959639
0.999935
0.921743
0.916959
0.909175
1.07043
1.00568
0.976743
0.886391
0.918216
0.968269
0.985398
1.038
0.963018
0.976188
0.931969
0.906911
1.03252
1.04892
0.967769
0.865392
0.882007
0.966033
0.896381
1.0266
1.01487
1.00519
1.06298
1.16495
0.968038
0.932088
0.926974
0.954216
0.960418
0.949851
0.985227
1.03204
1.13999
1.25526
1.16052
0.937533
0.948873
0.923048
0.962093
1.07628
1.02753
1.03609
1.02792
1.11982
1.10136
0.878203
0.838224
0.915664
1.01928
1.10977
1.08915
1.11312
1.01452
1.04637
0.986926
0.973054
1.01086
0.9071
1.05025
0.943311
1.05872
0.93248
0.834023
0.84258
0.924652
0.876347
0.997085
1.01731
1.10133
1.112
1.07464
1.03899
0.908866
0.890529
0.835001
0.86518
0.889487
1.05823
1.00827
1.14264
1.13436
1.05599
0.970709
0.920961
0.903921
0.991411
1.02512
1.0399
1.0627
1.04258
1.18208
0.994575
0.999934
0.949632
0.977937
0.993097
0.9192
0.897645
0.966469
1.11297
1.03998
1.06225
0.95087
0.95761
1.04065
0.913396
0.901804
0.952271
0.954717
0.901248
1.0385
0.983148
1.00012
1.00496
1.05095
0.940619
0.855593
0.867273
0.899997
0.933054
1.02203
0.99375
0.945746
0.911845
1.02266
1.04413
0.950852
0.847706
0.901369
0.940117
0.971041
0.845174
0.924652
0.988336
1.15405
1.02519
1.021
0.939366
0.973322
0.894892
0.857979
0.896286
1.07087
1.18559
1.1739
1.05031
1.16918
1.06617
0.948625
0.894355
0.845915
0.869445
1.00564
1.06997
1.04704
0.976362
1.09817
1.12904
1.16596
1.03276
0.836665
0.886637
0.974468
1.04921
1.10942
0.902398
0.966621
0.949052
0.935714
1.05719
0.936
0.885095
0.953551
1.00335
0.931588
0.961171
0.908417
0.86602
1.0306
1.18562
0.987017
1.06013
1.02924
0.971518
0.93581
0.893563
0.794263
0.895948
0.93023
1.07808
1.01938
0.922624
0.960953
0.918614
0.996806
1.00734
0.941593
0.932931
0.889512
0.984711
1.04329
1.01358
1.08876
0.994403
1.05774
1.00667
0.938359
0.855654
0.922189
1.11761
1.0365
1.01959
1.23033
1.1787
1.03793
0.985221
0.955272
0.886382
0.916095
0.877627
1.16591
1.14835
1.19593
1.2091
1.1603
1.0437
0.96507
0.931628
0.891735
0.826077
1.08256
1.13942
1.24205
1.23173
1.1511
1.08188
1.00512
0.938318
0.888042
0.901601
1.18568
1.22541
1.24114
1.23431
1.17029
1.02127
1.04486
1.03931
0.92004
0.903614
1.18681
1.21601
1.25031
1.13471
1.14267
1.07741
0.965293
0.995579
0.991666
0.903173
1.20255
1.13573
0.984253
0.8962
0.881278
0.919515
1.14033
1.13161
1.08796
1.08396
1.22968
1.15107
1.02538
0.913963
0.807904
0.837908
1.0682
1.09603
1.11965
1.216
1.16645
1.13625
1.11602
0.994232
0.832902
0.853097
0.826768
1.00659
0.997273
1.13117
1.21479
1.20885
1.16272
0.998895
0.910389
0.844405
0.773824
0.833322
0.964657
1.16185
1.29117
1.23205
1.13336
1.07017
1.0285
0.864026
0.845073
0.864195
0.903619
1.07267
1.19879
1.21437
1.18271
1.14316
1.03394
0.926069
0.864253
0.910732
0.936692
0.941457
1.19515
1.26282
1.26954
1.25388
1.05801
0.891783
0.948413
0.973287
0.910832
0.965868
1.05488
1.13481
1.23777
1.18424
1.10705
0.991226
0.932014
0.977899
0.98667
1.02335
1.07415
1.1389
1.13932
1.09125
1.05827
0.992641
0.934274
0.968031
0.97538
0.985039
1.03283
1.04817
1.11285
1.17106
1.13754
0.998057
0.937329
1.01611
1.01922
1.00006